# Date(dd.mm.yyyy) 28.03.2016 : Prices at Elspot
#
# Data type(ST);Time made(Hour:Min);Date made(dd.mm.yyyy)
# Data type(PR);Code(SO,SF);Year;Week;Day of week(1..7);Date(dd.mm.yyyy);Area;Currency;Hour1;Hour2;Hour3A;Hour3B;Hour4;Hour5;Hour6;Hour7;Hour8;Hour9;Hour10;Hour11;Hour12;Hour13;Hour14;Hour15;Hour16;Hour17;Hour18;Hour19;Hour20;Hour21;Hour22;Hour23;Hour24;Average
# Data type(AL);Total number of lines in the file.
#
ST;16:00;27.03.2016
PR;SP;2016;13;1;28.03.2016;SP1;DKK;116,92;110,29;109,47;;107,68;114,46;122,36;118,41;119,68;124,08;131,01;134,81;134,29;130,63;127,80;124,90;123,41;124,22;127,06;135,70;138,53;138,91;134,73;132,12;124,67;125,26
PR;SP;2016;13;1;28.03.2016;SP1;NOK;148,51;140,09;139,05;;136,77;145,39;155,42;150,40;152,01;157,60;166,40;171,23;170,56;165,93;162,33;158,64;156,75;157,79;161,38;172,36;175,96;176,43;171,13;167,82;158,35;159,10
PR;SP;2016;13;1;28.03.2016;SP1;SEK;145,46;137,21;136,19;;133,96;142,40;152,22;147,31;148,89;154,36;162,98;167,71;167,06;162,52;158,99;155,38;153,52;154,54;158,07;168,82;172,34;172,81;167,61;164,37;155,10;155,83
PR;SP;2016;13;1;28.03.2016;DK1;DKK;95,98;61,70;55,37;;48,44;39,27;46,80;43,67;44,41;29,73;25,41;19,97;0,52;-5,74;-90,69;-99,63;-100,23;-100,15;-31,30;55,52;87,86;126,83;85,47;121,39;96,73;27,39
PR;SP;2016;13;1;28.03.2016;DK2;DKK;95,98;61,70;55,37;;48,44;39,27;46,80;43,67;44,41;88,08;131,75;136,22;138,09;134,88;88,38;-44,19;-44,56;-45,01;-31,30;55,52;87,86;126,83;135,78;121,39;96,73;67,17
PR;SP;2016;13;1;28.03.2016;EE;DKK;112,45;104,70;105,22;;109,62;116,18;141,96;142,18;193,30;220,95;222,59;236,82;225,65;225,50;227,88;215,74;203,29;194,65;201,43;205,82;249,87;241,15;219,54;132,50;125,27;182,26
PR;SP;2016;13;1;28.03.2016;FI;DKK;112,45;104,70;105,22;;109,62;116,18;124,45;121,39;122,44;125,27;131,75;136,22;138,09;134,88;132,79;132,94;148,29;159,47;153,06;177,06;180,71;139,20;135,78;132,50;125,27;133,32
PR;SP;2016;13;1;28.03.2016;LT;DKK;172,96;146,06;140,47;;139,73;142,04;141,96;142,18;193,30;220,95;222,59;236,82;225,65;225,50;227,88;215,74;203,29;194,65;201,43;205,82;249,87;241,15;219,54;188,01;149,41;193,63
PR;SP;2016;13;1;28.03.2016;LV;DKK;172,96;146,06;140,47;;139,73;142,04;141,96;142,18;193,30;220,95;222,59;236,82;225,65;225,50;227,88;215,74;203,29;194,65;201,43;205,82;249,87;241,15;219,54;188,01;149,41;193,63
PR;SP;2016;13;1;28.03.2016;NO1;DKK;122,51;114,39;114,16;;112,82;116,18;124,45;121,39;122,44;125,27;131,75;136,22;138,09;134,88;132,79;131,38;130,78;130,93;130,41;135,55;137,79;139,20;135,78;132,50;125,27;128,21
PR;SP;2016;13;1;28.03.2016;NO2;DKK;122,51;114,39;114,16;;112,82;116,18;124,45;121,39;122,44;125,27;131,75;136,22;138,09;134,88;132,79;131,38;130,78;130,93;130,41;135,55;137,79;139,20;135,78;132,50;125,27;128,21
PR;SP;2016;13;1;28.03.2016;NO3;DKK;112,45;104,70;105,22;;109,62;116,18;124,45;121,39;122,44;125,27;131,75;136,22;138,09;134,88;132,79;131,38;130,78;130,93;130,41;135,55;137,79;139,20;135,78;132,50;125,27;126,88
PR;SP;2016;13;1;28.03.2016;NO4;DKK;112,45;104,70;105,22;;109,62;116,18;124,45;121,39;122,44;125,27;131,75;136,22;138,09;134,88;132,79;131,38;130,78;130,93;130,41;135,55;137,79;139,20;135,78;132,50;125,27;126,88
PR;SP;2016;13;1;28.03.2016;NO5;DKK;122,51;114,39;114,16;;112,82;116,18;124,45;121,39;122,44;125,27;131,75;136,22;138,09;134,88;132,79;131,38;130,78;130,93;130,41;135,55;137,79;139,20;135,78;132,50;125,27;128,21
PR;SP;2016;13;1;28.03.2016;SE1;DKK;112,45;104,70;105,22;;109,62;116,18;124,45;121,39;122,44;125,27;131,75;136,22;138,09;134,88;132,79;131,38;130,78;130,93;130,41;135,55;137,79;139,20;135,78;132,50;125,27;126,88
PR;SP;2016;13;1;28.03.2016;SE2;DKK;112,45;104,70;105,22;;109,62;116,18;124,45;121,39;122,44;125,27;131,75;136,22;138,09;134,88;132,79;131,38;130,78;130,93;130,41;135,55;137,79;139,20;135,78;132,50;125,27;126,88
PR;SP;2016;13;1;28.03.2016;SE3;DKK;112,45;104,70;105,22;;109,62;116,18;124,45;121,39;122,44;125,27;131,75;136,22;138,09;134,88;132,79;131,38;130,78;130,93;130,41;135,55;137,79;139,20;135,78;132,50;125,27;126,88
PR;SP;2016;13;1;28.03.2016;SE4;DKK;112,45;104,70;105,22;;109,62;116,18;124,45;121,39;122,44;125,27;131,75;136,22;138,09;134,88;132,79;131,38;130,78;130,93;130,41;135,55;137,79;139,20;135,78;132,50;125,27;126,88
PR;SP;2016;13;1;28.03.2016;DK1;NOK;121,91;78,37;70,33;;61,52;49,88;59,44;55,47;56,41;37,77;32,28;25,37;0,66;-7,29;-115,19;-126,55;-127,31;-127,21;-39,75;70,52;111,60;161,10;108,57;154,19;122,86;34,79
PR;SP;2016;13;1;28.03.2016;DK2;NOK;121,91;78,37;70,33;;61,52;49,88;59,44;55,47;56,41;111,88;167,35;173,03;175,39;171,32;112,26;-56,13;-56,60;-57,17;-39,75;70,52;111,60;161,10;172,46;154,19;122,86;85,32
PR;SP;2016;13;1;28.03.2016;EE;NOK;142,83;132,99;133,65;;139,23;147,56;180,31;180,60;245,53;280,65;282,73;300,81;286,61;286,42;289,45;274,02;258,21;247,23;255,85;261,43;317,37;306,30;278,85;168,29;159,11;231,50
PR;SP;2016;13;1;28.03.2016;FI;NOK;142,83;132,99;133,65;;139,23;147,56;158,07;154,19;155,51;159,11;167,35;173,03;175,39;171,32;168,67;168,86;188,36;202,56;194,42;224,90;229,53;176,81;172,46;168,29;159,11;169,34
PR;SP;2016;13;1;28.03.2016;LT;NOK;219,69;185,52;178,42;;177,47;180,41;180,31;180,60;245,53;280,65;282,73;300,81;286,61;286,42;289,45;274,02;258,21;247,23;255,85;261,43;317,37;306,30;278,85;238,81;189,78;245,94
PR;SP;2016;13;1;28.03.2016;LV;NOK;219,69;185,52;178,42;;177,47;180,41;180,31;180,60;245,53;280,65;282,73;300,81;286,61;286,42;289,45;274,02;258,21;247,23;255,85;261,43;317,37;306,30;278,85;238,81;189,78;245,94
PR;SP;2016;13;1;28.03.2016;NO1;NOK;155,61;145,29;145,01;;143,30;147,56;158,07;154,19;155,51;159,11;167,35;173,03;175,39;171,32;168,67;166,87;166,12;166,31;165,64;172,17;175,01;176,81;172,46;168,29;159,11;162,84
PR;SP;2016;13;1;28.03.2016;NO2;NOK;155,61;145,29;145,01;;143,30;147,56;158,07;154,19;155,51;159,11;167,35;173,03;175,39;171,32;168,67;166,87;166,12;166,31;165,64;172,17;175,01;176,81;172,46;168,29;159,11;162,84
PR;SP;2016;13;1;28.03.2016;NO3;NOK;142,83;132,99;133,65;;139,23;147,56;158,07;154,19;155,51;159,11;167,35;173,03;175,39;171,32;168,67;166,87;166,12;166,31;165,64;172,17;175,01;176,81;172,46;168,29;159,11;161,15
PR;SP;2016;13;1;28.03.2016;NO4;NOK;142,83;132,99;133,65;;139,23;147,56;158,07;154,19;155,51;159,11;167,35;173,03;175,39;171,32;168,67;166,87;166,12;166,31;165,64;172,17;175,01;176,81;172,46;168,29;159,11;161,15
PR;SP;2016;13;1;28.03.2016;NO5;NOK;155,61;145,29;145,01;;143,30;147,56;158,07;154,19;155,51;159,11;167,35;173,03;175,39;171,32;168,67;166,87;166,12;166,31;165,64;172,17;175,01;176,81;172,46;168,29;159,11;162,84
PR;SP;2016;13;1;28.03.2016;SE1;NOK;142,83;132,99;133,65;;139,23;147,56;158,07;154,19;155,51;159,11;167,35;173,03;175,39;171,32;168,67;166,87;166,12;166,31;165,64;172,17;175,01;176,81;172,46;168,29;159,11;161,15
PR;SP;2016;13;1;28.03.2016;SE2;NOK;142,83;132,99;133,65;;139,23;147,56;158,07;154,19;155,51;159,11;167,35;173,03;175,39;171,32;168,67;166,87;166,12;166,31;165,64;172,17;175,01;176,81;172,46;168,29;159,11;161,15
PR;SP;2016;13;1;28.03.2016;SE3;NOK;142,83;132,99;133,65;;139,23;147,56;158,07;154,19;155,51;159,11;167,35;173,03;175,39;171,32;168,67;166,87;166,12;166,31;165,64;172,17;175,01;176,81;172,46;168,29;159,11;161,15
PR;SP;2016;13;1;28.03.2016;SE4;NOK;142,83;132,99;133,65;;139,23;147,56;158,07;154,19;155,51;159,11;167,35;173,03;175,39;171,32;168,67;166,87;166,12;166,31;165,64;172,17;175,01;176,81;172,46;168,29;159,11;161,15
PR;SP;2016;13;1;28.03.2016;DK1;SEK;119,41;76,76;68,88;;60,26;48,86;58,22;54,33;55,25;36,99;31,61;24,85;0,65;-7,14;-112,82;-123,95;-124,69;-124,60;-38,94;69,07;109,30;157,79;106,33;151,02;120,33;34,07
PR;SP;2016;13;1;28.03.2016;DK2;SEK;119,41;76,76;68,88;;60,26;48,86;58,22;54,33;55,25;109,58;163,91;169,47;171,79;167,80;109,95;-54,98;-55,44;-56,00;-38,94;69,07;109,30;157,79;168,91;151,02;120,33;83,56
PR;SP;2016;13;1;28.03.2016;EE;SEK;139,89;130,25;130,90;;136,37;144,53;176,61;176,88;240,48;274,88;276,92;294,62;280,72;280,53;283,50;268,39;252,90;242,15;250,59;256,06;310,85;300,00;273,11;164,83;155,84;226,74
PR;SP;2016;13;1;28.03.2016;FI;SEK;139,89;130,25;130,90;;136,37;144,53;154,82;151,02;152,32;155,84;163,91;169,47;171,79;167,80;165,20;165,39;184,49;198,39;190,42;220,27;224,81;173,18;168,91;164,83;155,84;165,86
PR;SP;2016;13;1;28.03.2016;LT;SEK;215,17;181,71;174,75;;173,83;176,70;176,61;176,88;240,48;274,88;276,92;294,62;280,72;280,53;283,50;268,39;252,90;242,15;250,59;256,06;310,85;300,00;273,11;233,90;185,88;240,88
PR;SP;2016;13;1;28.03.2016;LV;SEK;215,17;181,71;174,75;;173,83;176,70;176,61;176,88;240,48;274,88;276,92;294,62;280,72;280,53;283,50;268,39;252,90;242,15;250,59;256,06;310,85;300,00;273,11;233,90;185,88;240,88
PR;SP;2016;13;1;28.03.2016;NO1;SEK;152,41;142,31;142,03;;140,36;144,53;154,82;151,02;152,32;155,84;163,91;169,47;171,79;167,80;165,20;163,44;162,70;162,89;162,24;168,63;171,42;173,18;168,91;164,83;155,84;159,50
PR;SP;2016;13;1;28.03.2016;NO2;SEK;152,41;142,31;142,03;;140,36;144,53;154,82;151,02;152,32;155,84;163,91;169,47;171,79;167,80;165,20;163,44;162,70;162,89;162,24;168,63;171,42;173,18;168,91;164,83;155,84;159,50
PR;SP;2016;13;1;28.03.2016;NO3;SEK;139,89;130,25;130,90;;136,37;144,53;154,82;151,02;152,32;155,84;163,91;169,47;171,79;167,80;165,20;163,44;162,70;162,89;162,24;168,63;171,42;173,18;168,91;164,83;155,84;157,84
PR;SP;2016;13;1;28.03.2016;NO4;SEK;139,89;130,25;130,90;;136,37;144,53;154,82;151,02;152,32;155,84;163,91;169,47;171,79;167,80;165,20;163,44;162,70;162,89;162,24;168,63;171,42;173,18;168,91;164,83;155,84;157,84
PR;SP;2016;13;1;28.03.2016;NO5;SEK;152,41;142,31;142,03;;140,36;144,53;154,82;151,02;152,32;155,84;163,91;169,47;171,79;167,80;165,20;163,44;162,70;162,89;162,24;168,63;171,42;173,18;168,91;164,83;155,84;159,50
PR;SP;2016;13;1;28.03.2016;SE1;SEK;139,89;130,25;130,90;;136,37;144,53;154,82;151,02;152,32;155,84;163,91;169,47;171,79;167,80;165,20;163,44;162,70;162,89;162,24;168,63;171,42;173,18;168,91;164,83;155,84;157,84
PR;SP;2016;13;1;28.03.2016;SE2;SEK;139,89;130,25;130,90;;136,37;144,53;154,82;151,02;152,32;155,84;163,91;169,47;171,79;167,80;165,20;163,44;162,70;162,89;162,24;168,63;171,42;173,18;168,91;164,83;155,84;157,84
PR;SP;2016;13;1;28.03.2016;SE3;SEK;139,89;130,25;130,90;;136,37;144,53;154,82;151,02;152,32;155,84;163,91;169,47;171,79;167,80;165,20;163,44;162,70;162,89;162,24;168,63;171,42;173,18;168,91;164,83;155,84;157,84
PR;SP;2016;13;1;28.03.2016;SE4;SEK;139,89;130,25;130,90;;136,37;144,53;154,82;151,02;152,32;155,84;163,91;169,47;171,79;167,80;165,20;163,44;162,70;162,89;162,24;168,63;171,42;173,18;168,91;164,83;155,84;157,84
PR;SO;2016;13;1;28.03.2016;SP1;EUR;15,69;14,80;14,69;;14,45;15,36;16,42;15,89;16,06;16,65;17,58;18,09;18,02;17,53;17,15;16,76;16,56;16,67;17,05;18,21;18,59;18,64;18,08;17,73;16,73;16,81
PR;SO;2016;13;1;28.03.2016;DK1;EUR;12,88;8,28;7,43;;6,50;5,27;6,28;5,86;5,96;3,99;3,41;2,68;0,07;-0,77;-12,17;-13,37;-13,45;-13,44;-4,20;7,45;11,79;17,02;11,47;16,29;12,98;3,68
PR;SO;2016;13;1;28.03.2016;DK2;EUR;12,88;8,28;7,43;;6,50;5,27;6,28;5,86;5,96;11,82;17,68;18,28;18,53;18,10;11,86;-5,93;-5,98;-6,04;-4,20;7,45;11,79;17,02;18,22;16,29;12,98;9,01
PR;SO;2016;13;1;28.03.2016;EE;EUR;15,09;14,05;14,12;;14,71;15,59;19,05;19,08;25,94;29,65;29,87;31,78;30,28;30,26;30,58;28,95;27,28;26,12;27,03;27,62;33,53;32,36;29,46;17,78;16,81;24,46
PR;SO;2016;13;1;28.03.2016;FI;EUR;15,09;14,05;14,12;;14,71;15,59;16,70;16,29;16,43;16,81;17,68;18,28;18,53;18,10;17,82;17,84;19,90;21,40;20,54;23,76;24,25;18,68;18,22;17,78;16,81;17,89
PR;SO;2016;13;1;28.03.2016;LT;EUR;23,21;19,60;18,85;;18,75;19,06;19,05;19,08;25,94;29,65;29,87;31,78;30,28;30,26;30,58;28,95;27,28;26,12;27,03;27,62;33,53;32,36;29,46;25,23;20,05;25,98
PR;SO;2016;13;1;28.03.2016;LV;EUR;23,21;19,60;18,85;;18,75;19,06;19,05;19,08;25,94;29,65;29,87;31,78;30,28;30,26;30,58;28,95;27,28;26,12;27,03;27,62;33,53;32,36;29,46;25,23;20,05;25,98
PR;SO;2016;13;1;28.03.2016;NO1;EUR;16,44;15,35;15,32;;15,14;15,59;16,70;16,29;16,43;16,81;17,68;18,28;18,53;18,10;17,82;17,63;17,55;17,57;17,50;18,19;18,49;18,68;18,22;17,78;16,81;17,20
PR;SO;2016;13;1;28.03.2016;NO2;EUR;16,44;15,35;15,32;;15,14;15,59;16,70;16,29;16,43;16,81;17,68;18,28;18,53;18,10;17,82;17,63;17,55;17,57;17,50;18,19;18,49;18,68;18,22;17,78;16,81;17,20
PR;SO;2016;13;1;28.03.2016;NO3;EUR;15,09;14,05;14,12;;14,71;15,59;16,70;16,29;16,43;16,81;17,68;18,28;18,53;18,10;17,82;17,63;17,55;17,57;17,50;18,19;18,49;18,68;18,22;17,78;16,81;17,03
PR;SO;2016;13;1;28.03.2016;NO4;EUR;15,09;14,05;14,12;;14,71;15,59;16,70;16,29;16,43;16,81;17,68;18,28;18,53;18,10;17,82;17,63;17,55;17,57;17,50;18,19;18,49;18,68;18,22;17,78;16,81;17,03
PR;SO;2016;13;1;28.03.2016;NO5;EUR;16,44;15,35;15,32;;15,14;15,59;16,70;16,29;16,43;16,81;17,68;18,28;18,53;18,10;17,82;17,63;17,55;17,57;17,50;18,19;18,49;18,68;18,22;17,78;16,81;17,20
PR;SO;2016;13;1;28.03.2016;SE1;EUR;15,09;14,05;14,12;;14,71;15,59;16,70;16,29;16,43;16,81;17,68;18,28;18,53;18,10;17,82;17,63;17,55;17,57;17,50;18,19;18,49;18,68;18,22;17,78;16,81;17,03
PR;SO;2016;13;1;28.03.2016;SE2;EUR;15,09;14,05;14,12;;14,71;15,59;16,70;16,29;16,43;16,81;17,68;18,28;18,53;18,10;17,82;17,63;17,55;17,57;17,50;18,19;18,49;18,68;18,22;17,78;16,81;17,03
PR;SO;2016;13;1;28.03.2016;SE3;EUR;15,09;14,05;14,12;;14,71;15,59;16,70;16,29;16,43;16,81;17,68;18,28;18,53;18,10;17,82;17,63;17,55;17,57;17,50;18,19;18,49;18,68;18,22;17,78;16,81;17,03
PR;SO;2016;13;1;28.03.2016;SE4;EUR;15,09;14,05;14,12;;14,71;15,59;16,70;16,29;16,43;16,81;17,68;18,28;18,53;18,10;17,82;17,63;17,55;17,57;17,50;18,19;18,49;18,68;18,22;17,78;16,81;17,03
AL;72
