# Date(dd.mm.yyyy) 17.08.2015 : Prices at Elspot
#
# Data type(ST);Time made(Hour:Min);Date made(dd.mm.yyyy)
# Data type(PR);Code(SO,SF);Year;Week;Day of week(1..7);Date(dd.mm.yyyy);Area;Currency;Hour1;Hour2;Hour3A;Hour3B;Hour4;Hour5;Hour6;Hour7;Hour8;Hour9;Hour10;Hour11;Hour12;Hour13;Hour14;Hour15;Hour16;Hour17;Hour18;Hour19;Hour20;Hour21;Hour22;Hour23;Hour24;Average
# Data type(AL);Total number of lines in the file.
#
ST;16:00;16.08.2015
PR;SP;2015;34;1;17.08.2015;SP1;DKK;71,88;62,70;59,94;;59,19;61,13;74,19;84,34;104,20;108,90;109,35;109,87;108,30;104,79;101,14;99,34;96,43;94,05;97,48;96,81;96,36;88,67;90,09;81,13;66,95;88,63
PR;SP;2015;34;1;17.08.2015;SP1;NOK;88,03;76,79;73,41;;72,49;74,87;90,87;103,30;127,62;133,38;133,92;134,56;132,64;128,35;123,87;121,67;118,11;115,18;119,39;118,57;118,02;108,60;110,34;99,37;82,00;108,56
PR;SP;2015;34;1;17.08.2015;SP1;SEK;90,75;79,15;75,67;;74,73;77,18;93,67;106,48;131,55;137,48;138,05;138,71;136,73;132,30;127,68;125,42;121,75;118,73;123,07;122,22;121,65;111,95;113,74;102,43;84,53;111,90
PR;SP;2015;34;1;17.08.2015;DK1;DKK;71,73;62,55;59,79;;59,11;60,61;70,61;77,10;96,73;104,27;103,97;103,82;102,26;98,67;96,36;94,27;91,06;88,37;94,05;92,78;90,91;89,12;89,12;82,10;68,97;85,35
PR;SP;2015;34;1;17.08.2015;DK2;DKK;71,73;62,55;59,79;;59,11;60,61;70,61;77,10;96,73;104,27;103,97;103,82;102,26;98,67;96,36;94,27;91,06;88,37;94,05;92,78;90,91;89,12;89,12;82,10;68,97;85,35
PR;SP;2015;34;1;17.08.2015;EE;DKK;71,73;62,55;59,79;;59,11;60,61;184,96;401,71;408,95;428,13;433,13;433,28;433,06;432,98;408,87;387,82;373,27;298,33;269,00;297,81;298,41;256,16;256,31;97,55;184,43;274,91
PR;SP;2015;34;1;17.08.2015;FI;DKK;71,73;62,55;59,79;;59,11;60,61;184,96;401,71;408,95;428,13;433,13;433,28;433,06;432,98;408,87;387,82;373,27;298,33;269,00;297,81;298,41;256,16;256,31;97,55;184,43;274,91
PR;SP;2015;34;1;17.08.2015;LT;DKK;209,06;82,63;82,55;;82,48;82,48;209,06;401,71;408,95;428,13;433,13;433,28;433,06;432,98;408,87;408,72;408,65;408,50;408,42;408,35;408,35;408,42;407,38;406,93;209,51;333,82
PR;SP;2015;34;1;17.08.2015;LV;DKK;209,06;82,63;82,55;;82,48;82,48;209,06;401,71;408,95;428,13;433,13;433,28;433,06;432,98;408,87;408,72;408,65;408,50;408,42;408,35;408,35;408,42;407,38;406,93;209,51;333,82
PR;SP;2015;34;1;17.08.2015;NO1;DKK;71,73;62,55;59,79;;59,11;60,61;70,61;77,10;96,73;104,27;103,97;103,82;102,26;98,67;96,36;94,27;91,06;88,37;94,05;92,78;90,91;89,12;89,12;82,10;68,97;85,35
PR;SP;2015;34;1;17.08.2015;NO2;DKK;71,73;62,55;59,79;;59,11;60,61;70,61;77,10;96,73;104,27;103,97;103,82;102,26;98,67;96,36;94,27;91,06;88,37;94,05;92,78;90,91;89,12;89,12;82,10;68,97;85,35
PR;SP;2015;34;1;17.08.2015;NO3;DKK;71,73;62,55;59,79;;59,11;60,61;70,61;77,10;96,73;99,79;100,02;100,54;100,24;98,30;96,36;94,27;91,06;88,37;94,05;92,78;90,91;89,12;89,12;82,10;68,97;84,76
PR;SP;2015;34;1;17.08.2015;NO4;DKK;71,73;62,55;59,79;;59,11;60,61;70,61;77,10;80,01;82,03;86,73;86,28;86,06;82,03;84,49;84,34;81,51;81,21;80,54;79,94;80,01;80,16;82,40;82,10;68,97;77,10
PR;SP;2015;34;1;17.08.2015;NO5;DKK;71,73;62,55;59,79;;59,11;60,61;70,61;77,10;96,73;104,27;103,97;103,82;102,26;98,67;96,36;94,27;91,06;88,37;94,05;92,78;90,91;89,12;89,12;82,10;68,97;85,35
PR;SP;2015;34;1;17.08.2015;SE1;DKK;71,73;62,55;59,79;;59,11;60,61;70,61;77,10;96,73;99,79;100,02;100,54;100,24;98,30;96,36;94,27;91,06;88,37;94,05;92,78;90,91;89,12;89,12;82,10;68,97;84,76
PR;SP;2015;34;1;17.08.2015;SE2;DKK;71,73;62,55;59,79;;59,11;60,61;70,61;77,10;96,73;99,79;100,02;100,54;100,24;98,30;96,36;94,27;91,06;88,37;94,05;92,78;90,91;89,12;89,12;82,10;68,97;84,76
PR;SP;2015;34;1;17.08.2015;SE3;DKK;71,73;62,55;59,79;;59,11;60,61;70,61;77,10;96,73;104,27;103,97;103,82;102,26;98,67;96,36;94,27;91,06;88,37;94,05;92,78;90,91;89,12;89,12;82,10;68,97;85,35
PR;SP;2015;34;1;17.08.2015;SE4;DKK;71,73;62,55;59,79;;59,11;60,61;70,61;77,10;96,73;104,27;103,97;103,82;102,26;98,67;96,36;94,27;91,06;88,37;94,05;92,78;90,91;89,12;89,12;82,10;68,97;85,35
PR;SP;2015;34;1;17.08.2015;DK1;NOK;87,85;76,61;73,22;;72,40;74,23;86,48;94,43;118,48;127,71;127,34;127,16;125,24;120,85;118,02;115,46;111,53;108,24;115,18;113,63;111,34;109,15;109,15;100,56;84,47;104,53
PR;SP;2015;34;1;17.08.2015;DK2;NOK;87,85;76,61;73,22;;72,40;74,23;86,48;94,43;118,48;127,71;127,34;127,16;125,24;120,85;118,02;115,46;111,53;108,24;115,18;113,63;111,34;109,15;109,15;100,56;84,47;104,53
PR;SP;2015;34;1;17.08.2015;EE;NOK;87,85;76,61;73,22;;72,40;74,23;226,53;492,00;500,87;524,36;530,49;530,67;530,40;530,30;500,78;475,00;457,17;365,39;329,46;364,75;365,48;313,74;313,92;119,48;225,89;336,71
PR;SP;2015;34;1;17.08.2015;FI;NOK;87,85;76,61;73,22;;72,40;74,23;226,53;492,00;500,87;524,36;530,49;530,67;530,40;530,30;500,78;475,00;457,17;365,39;329,46;364,75;365,48;313,74;313,92;119,48;225,89;336,71
PR;SP;2015;34;1;17.08.2015;LT;NOK;256,06;101,20;101,11;;101,01;101,01;256,06;492,00;500,87;524,36;530,49;530,67;530,40;530,30;500,78;500,59;500,50;500,32;500,23;500,14;500,14;500,23;498,95;498,40;256,60;408,85
PR;SP;2015;34;1;17.08.2015;LV;NOK;256,06;101,20;101,11;;101,01;101,01;256,06;492,00;500,87;524,36;530,49;530,67;530,40;530,30;500,78;500,59;500,50;500,32;500,23;500,14;500,14;500,23;498,95;498,40;256,60;408,85
PR;SP;2015;34;1;17.08.2015;NO1;NOK;87,85;76,61;73,22;;72,40;74,23;86,48;94,43;118,48;127,71;127,34;127,16;125,24;120,85;118,02;115,46;111,53;108,24;115,18;113,63;111,34;109,15;109,15;100,56;84,47;104,53
PR;SP;2015;34;1;17.08.2015;NO2;NOK;87,85;76,61;73,22;;72,40;74,23;86,48;94,43;118,48;127,71;127,34;127,16;125,24;120,85;118,02;115,46;111,53;108,24;115,18;113,63;111,34;109,15;109,15;100,56;84,47;104,53
PR;SP;2015;34;1;17.08.2015;NO3;NOK;87,85;76,61;73,22;;72,40;74,23;86,48;94,43;118,48;122,22;122,50;123,14;122,77;120,39;118,02;115,46;111,53;108,24;115,18;113,63;111,34;109,15;109,15;100,56;84,47;103,81
PR;SP;2015;34;1;17.08.2015;NO4;NOK;87,85;76,61;73,22;;72,40;74,23;86,48;94,43;98,00;100,47;106,23;105,68;105,40;100,47;103,48;103,30;99,83;99,46;98,64;97,91;98,00;98,18;100,92;100,56;84,47;94,43
PR;SP;2015;34;1;17.08.2015;NO5;NOK;87,85;76,61;73,22;;72,40;74,23;86,48;94,43;118,48;127,71;127,34;127,16;125,24;120,85;118,02;115,46;111,53;108,24;115,18;113,63;111,34;109,15;109,15;100,56;84,47;104,53
PR;SP;2015;34;1;17.08.2015;SE1;NOK;87,85;76,61;73,22;;72,40;74,23;86,48;94,43;118,48;122,22;122,50;123,14;122,77;120,39;118,02;115,46;111,53;108,24;115,18;113,63;111,34;109,15;109,15;100,56;84,47;103,81
PR;SP;2015;34;1;17.08.2015;SE2;NOK;87,85;76,61;73,22;;72,40;74,23;86,48;94,43;118,48;122,22;122,50;123,14;122,77;120,39;118,02;115,46;111,53;108,24;115,18;113,63;111,34;109,15;109,15;100,56;84,47;103,81
PR;SP;2015;34;1;17.08.2015;SE3;NOK;87,85;76,61;73,22;;72,40;74,23;86,48;94,43;118,48;127,71;127,34;127,16;125,24;120,85;118,02;115,46;111,53;108,24;115,18;113,63;111,34;109,15;109,15;100,56;84,47;104,53
PR;SP;2015;34;1;17.08.2015;SE4;NOK;87,85;76,61;73,22;;72,40;74,23;86,48;94,43;118,48;127,71;127,34;127,16;125,24;120,85;118,02;115,46;111,53;108,24;115,18;113,63;111,34;109,15;109,15;100,56;84,47;104,53
PR;SP;2015;34;1;17.08.2015;DK1;SEK;90,56;78,97;75,48;;74,63;76,52;89,14;97,34;122,12;131,64;131,27;131,08;129,10;124,57;121,65;119,02;114,96;111,57;118,73;117,13;114,77;112,51;112,51;103,66;87,07;107,75
PR;SP;2015;34;1;17.08.2015;DK2;SEK;90,56;78,97;75,48;;74,63;76,52;89,14;97,34;122,12;131,64;131,27;131,08;129,10;124,57;121,65;119,02;114,96;111,57;118,73;117,13;114,77;112,51;112,51;103,66;87,07;107,75
PR;SP;2015;34;1;17.08.2015;EE;SEK;90,56;78,97;75,48;;74,63;76,52;233,51;507,16;516,30;540,51;546,83;547,02;546,73;546,64;516,20;489,63;471,25;376,65;339,61;375,99;376,74;323,40;323,59;123,16;232,85;347,08
PR;SP;2015;34;1;17.08.2015;FI;SEK;90,56;78,97;75,48;;74,63;76,52;233,51;507,16;516,30;540,51;546,83;547,02;546,73;546,64;516,20;489,63;471,25;376,65;339,61;375,99;376,74;323,40;323,59;123,16;232,85;347,08
PR;SP;2015;34;1;17.08.2015;LT;SEK;263,94;104,31;104,22;;104,13;104,13;263,94;507,16;516,30;540,51;546,83;547,02;546,73;546,64;516,20;516,01;515,92;515,73;515,64;515,54;515,54;515,64;514,32;513,75;264,51;421,44
PR;SP;2015;34;1;17.08.2015;LV;SEK;263,94;104,31;104,22;;104,13;104,13;263,94;507,16;516,30;540,51;546,83;547,02;546,73;546,64;516,20;516,01;515,92;515,73;515,64;515,54;515,54;515,64;514,32;513,75;264,51;421,44
PR;SP;2015;34;1;17.08.2015;NO1;SEK;90,56;78,97;75,48;;74,63;76,52;89,14;97,34;122,12;131,64;131,27;131,08;129,10;124,57;121,65;119,02;114,96;111,57;118,73;117,13;114,77;112,51;112,51;103,66;87,07;107,75
PR;SP;2015;34;1;17.08.2015;NO2;SEK;90,56;78,97;75,48;;74,63;76,52;89,14;97,34;122,12;131,64;131,27;131,08;129,10;124,57;121,65;119,02;114,96;111,57;118,73;117,13;114,77;112,51;112,51;103,66;87,07;107,75
PR;SP;2015;34;1;17.08.2015;NO3;SEK;90,56;78,97;75,48;;74,63;76,52;89,14;97,34;122,12;125,99;126,27;126,93;126,55;124,10;121,65;119,02;114,96;111,57;118,73;117,13;114,77;112,51;112,51;103,66;87,07;107,01
PR;SP;2015;34;1;17.08.2015;NO4;SEK;90,56;78,97;75,48;;74,63;76,52;89,14;97,34;101,02;103,56;109,50;108,93;108,65;103,56;106,67;106,48;102,90;102,52;101,68;100,92;101,02;101,21;104,03;103,66;87,07;97,33
PR;SP;2015;34;1;17.08.2015;NO5;SEK;90,56;78,97;75,48;;74,63;76,52;89,14;97,34;122,12;131,64;131,27;131,08;129,10;124,57;121,65;119,02;114,96;111,57;118,73;117,13;114,77;112,51;112,51;103,66;87,07;107,75
PR;SP;2015;34;1;17.08.2015;SE1;SEK;90,56;78,97;75,48;;74,63;76,52;89,14;97,34;122,12;125,99;126,27;126,93;126,55;124,10;121,65;119,02;114,96;111,57;118,73;117,13;114,77;112,51;112,51;103,66;87,07;107,01
PR;SP;2015;34;1;17.08.2015;SE2;SEK;90,56;78,97;75,48;;74,63;76,52;89,14;97,34;122,12;125,99;126,27;126,93;126,55;124,10;121,65;119,02;114,96;111,57;118,73;117,13;114,77;112,51;112,51;103,66;87,07;107,01
PR;SP;2015;34;1;17.08.2015;SE3;SEK;90,56;78,97;75,48;;74,63;76,52;89,14;97,34;122,12;131,64;131,27;131,08;129,10;124,57;121,65;119,02;114,96;111,57;118,73;117,13;114,77;112,51;112,51;103,66;87,07;107,75
PR;SP;2015;34;1;17.08.2015;SE4;SEK;90,56;78,97;75,48;;74,63;76,52;89,14;97,34;122,12;131,64;131,27;131,08;129,10;124,57;121,65;119,02;114,96;111,57;118,73;117,13;114,77;112,51;112,51;103,66;87,07;107,75
PR;SO;2015;34;1;17.08.2015;SP1;EUR;9,63;8,40;8,03;;7,93;8,19;9,94;11,30;13,96;14,59;14,65;14,72;14,51;14,04;13,55;13,31;12,92;12,60;13,06;12,97;12,91;11,88;12,07;10,87;8,97;11,88
PR;SO;2015;34;1;17.08.2015;DK1;EUR;9,61;8,38;8,01;;7,92;8,12;9,46;10,33;12,96;13,97;13,93;13,91;13,70;13,22;12,91;12,63;12,20;11,84;12,60;12,43;12,18;11,94;11,94;11,00;9,24;11,43
PR;SO;2015;34;1;17.08.2015;DK2;EUR;9,61;8,38;8,01;;7,92;8,12;9,46;10,33;12,96;13,97;13,93;13,91;13,70;13,22;12,91;12,63;12,20;11,84;12,60;12,43;12,18;11,94;11,94;11,00;9,24;11,43
PR;SO;2015;34;1;17.08.2015;EE;EUR;9,61;8,38;8,01;;7,92;8,12;24,78;53,82;54,79;57,36;58,03;58,05;58,02;58,01;54,78;51,96;50,01;39,97;36,04;39,90;39,98;34,32;34,34;13,07;24,71;36,83
PR;SO;2015;34;1;17.08.2015;FI;EUR;9,61;8,38;8,01;;7,92;8,12;24,78;53,82;54,79;57,36;58,03;58,05;58,02;58,01;54,78;51,96;50,01;39,97;36,04;39,90;39,98;34,32;34,34;13,07;24,71;36,83
PR;SO;2015;34;1;17.08.2015;LT;EUR;28,01;11,07;11,06;;11,05;11,05;28,01;53,82;54,79;57,36;58,03;58,05;58,02;58,01;54,78;54,76;54,75;54,73;54,72;54,71;54,71;54,72;54,58;54,52;28,07;44,72
PR;SO;2015;34;1;17.08.2015;LV;EUR;28,01;11,07;11,06;;11,05;11,05;28,01;53,82;54,79;57,36;58,03;58,05;58,02;58,01;54,78;54,76;54,75;54,73;54,72;54,71;54,71;54,72;54,58;54,52;28,07;44,72
PR;SO;2015;34;1;17.08.2015;NO1;EUR;9,61;8,38;8,01;;7,92;8,12;9,46;10,33;12,96;13,97;13,93;13,91;13,70;13,22;12,91;12,63;12,20;11,84;12,60;12,43;12,18;11,94;11,94;11,00;9,24;11,43
PR;SO;2015;34;1;17.08.2015;NO2;EUR;9,61;8,38;8,01;;7,92;8,12;9,46;10,33;12,96;13,97;13,93;13,91;13,70;13,22;12,91;12,63;12,20;11,84;12,60;12,43;12,18;11,94;11,94;11,00;9,24;11,43
PR;SO;2015;34;1;17.08.2015;NO3;EUR;9,61;8,38;8,01;;7,92;8,12;9,46;10,33;12,96;13,37;13,40;13,47;13,43;13,17;12,91;12,63;12,20;11,84;12,60;12,43;12,18;11,94;11,94;11,00;9,24;11,36
PR;SO;2015;34;1;17.08.2015;NO4;EUR;9,61;8,38;8,01;;7,92;8,12;9,46;10,33;10,72;10,99;11,62;11,56;11,53;10,99;11,32;11,30;10,92;10,88;10,79;10,71;10,72;10,74;11,04;11,00;9,24;10,33
PR;SO;2015;34;1;17.08.2015;NO5;EUR;9,61;8,38;8,01;;7,92;8,12;9,46;10,33;12,96;13,97;13,93;13,91;13,70;13,22;12,91;12,63;12,20;11,84;12,60;12,43;12,18;11,94;11,94;11,00;9,24;11,43
PR;SO;2015;34;1;17.08.2015;SE1;EUR;9,61;8,38;8,01;;7,92;8,12;9,46;10,33;12,96;13,37;13,40;13,47;13,43;13,17;12,91;12,63;12,20;11,84;12,60;12,43;12,18;11,94;11,94;11,00;9,24;11,36
PR;SO;2015;34;1;17.08.2015;SE2;EUR;9,61;8,38;8,01;;7,92;8,12;9,46;10,33;12,96;13,37;13,40;13,47;13,43;13,17;12,91;12,63;12,20;11,84;12,60;12,43;12,18;11,94;11,94;11,00;9,24;11,36
PR;SO;2015;34;1;17.08.2015;SE3;EUR;9,61;8,38;8,01;;7,92;8,12;9,46;10,33;12,96;13,97;13,93;13,91;13,70;13,22;12,91;12,63;12,20;11,84;12,60;12,43;12,18;11,94;11,94;11,00;9,24;11,43
PR;SO;2015;34;1;17.08.2015;SE4;EUR;9,61;8,38;8,01;;7,92;8,12;9,46;10,33;12,96;13,97;13,93;13,91;13,70;13,22;12,91;12,63;12,20;11,84;12,60;12,43;12,18;11,94;11,94;11,00;9,24;11,43
AL;72
