# Date(dd.mm.yyyy) 26.10.2015 : Prices at Elspot
#
# Data type(ST);Time made(Hour:Min);Date made(dd.mm.yyyy)
# Data type(PR);Code(SO,SF);Year;Week;Day of week(1..7);Date(dd.mm.yyyy);Area;Currency;Hour1;Hour2;Hour3A;Hour3B;Hour4;Hour5;Hour6;Hour7;Hour8;Hour9;Hour10;Hour11;Hour12;Hour13;Hour14;Hour15;Hour16;Hour17;Hour18;Hour19;Hour20;Hour21;Hour22;Hour23;Hour24;Average
# Data type(AL);Total number of lines in the file.
#
ST;16:00;25.10.2015
PR;SP;2015;44;1;26.10.2015;SP1;DKK;180,43;178,11;178,41;;180,58;186,62;189,15;199,30;219,73;220,11;214,51;213,10;209,37;205,86;202,65;204,44;204,59;206,90;213,69;214,14;202,06;192,36;189,15;186,69;179,75;198,82
PR;SP;2015;44;1;26.10.2015;SP1;NOK;223,60;220,73;221,10;;223,78;231,27;234,41;246,98;272,31;272,77;265,84;264,08;259,46;255,12;251,14;253,36;253,54;256,41;264,82;265,38;250,40;238,38;234,41;231,36;222,76;246,39
PR;SP;2015;44;1;26.10.2015;SP1;SEK;226,42;223,52;223,89;;226,61;234,19;237,37;250,10;275,75;276,21;269,19;267,42;262,74;258,34;254,31;256,56;256,74;259,65;268,16;268,73;253,56;241,39;237,37;234,28;225,58;249,50
PR;SP;2015;44;1;26.10.2015;DK1;DKK;181,62;179,38;179,61;;181,99;187,51;190,12;208,17;386,58;389,19;366,30;306,03;298,57;265,01;245,24;269,18;269,26;362,42;400,83;410,23;255,83;195,34;189,90;186,62;179,16;261,84
PR;SP;2015;44;1;26.10.2015;DK2;DKK;181,62;179,38;179,61;;181,99;187,51;190,12;208,17;386,58;389,19;366,30;306,03;298,57;265,01;245,24;269,18;327,36;362,42;400,83;410,23;309,54;252,10;189,90;186,62;179,16;268,86
PR;SP;2015;44;1;26.10.2015;EE;DKK;181,62;179,38;179,61;;181,99;187,51;207,13;210,19;386,58;389,19;366,30;306,03;298,57;265,01;256,65;269,18;269,26;362,42;400,83;410,23;255,83;256,80;256,73;209,14;179,16;269,39
PR;SP;2015;44;1;26.10.2015;FI;DKK;181,62;179,38;179,61;;181,99;187,51;207,13;210,19;386,58;389,19;366,30;306,03;298,57;265,01;256,65;269,18;269,26;362,42;400,83;410,23;255,83;195,34;189,90;186,62;179,16;263,11
PR;SP;2015;44;1;26.10.2015;FRE;DKK;181,62;179,38;179,61;;;;;;;;;;;;;;;;;;;195,34;189,90;186,62;179,16;184,52
PR;SP;2015;44;1;26.10.2015;LT;DKK;181,62;179,38;179,61;;181,99;187,51;271,27;428,88;429,10;429,25;429,17;429,10;429,17;429,10;429,25;429,17;429,17;429,32;429,32;429,17;429,02;410,75;358,47;209,14;179,16;347,80
PR;SP;2015;44;1;26.10.2015;LV;DKK;181,62;179,38;179,61;;181,99;187,51;271,27;428,88;429,10;429,25;429,17;429,10;429,17;429,10;429,25;429,17;429,17;429,32;429,32;429,17;429,02;410,75;358,47;209,14;179,16;347,80
PR;SP;2015;44;1;26.10.2015;NO1;DKK;181,62;179,38;179,61;;181,99;187,51;190,12;200,86;198,85;201,01;197,06;197,21;195,42;194,75;193,63;193,40;192,88;194,75;196,24;196,39;195,19;194,30;189,90;186,62;179,16;191,58
PR;SP;2015;44;1;26.10.2015;NO2;DKK;181,62;179,38;179,61;;181,99;187,51;190,12;200,86;198,85;201,01;197,06;197,21;195,42;194,75;193,63;193,40;192,88;194,75;196,24;196,39;195,19;194,30;189,90;186,62;179,16;191,58
PR;SP;2015;44;1;26.10.2015;NO3;DKK;181,62;179,38;179,61;;181,99;187,51;190,12;208,17;255,39;257,70;230,55;222,42;215,93;215,63;214,59;212,95;209,07;207,58;201,91;197,28;193,48;195,34;189,90;186,62;179,16;203,91
PR;SP;2015;44;1;26.10.2015;NO4;DKK;172,07;171,25;171,03;;171,03;171,25;171,77;172,97;177,67;179,31;179,90;179,31;178,34;176,62;176,99;177,14;177,52;177,82;177,89;177,67;177,29;175,50;174,98;174,31;173,41;175,54
PR;SP;2015;44;1;26.10.2015;NO5;DKK;181,62;179,38;179,61;;181,99;187,51;190,12;200,86;198,85;201,01;197,06;197,21;195,42;194,75;193,63;193,40;192,88;194,75;196,24;196,39;195,19;194,30;189,90;186,62;179,16;191,58
PR;SP;2015;44;1;26.10.2015;SE1;DKK;181,62;179,38;179,61;;181,99;187,51;190,12;208,17;259,71;271,94;283,36;295,74;279,03;265,01;245,24;220,03;220,85;214,81;201,91;197,28;193,48;195,34;189,90;186,62;179,16;216,99
PR;SP;2015;44;1;26.10.2015;SE2;DKK;181,62;179,38;179,61;;181,99;187,51;190,12;208,17;259,71;271,94;283,36;295,74;279,03;265,01;245,24;220,03;220,85;214,81;201,91;197,28;193,48;195,34;189,90;186,62;179,16;216,99
PR;SP;2015;44;1;26.10.2015;SE3;DKK;181,62;179,38;179,61;;181,99;187,51;190,12;208,17;386,58;389,19;366,30;306,03;298,57;265,01;245,24;269,18;269,26;362,42;400,83;410,23;255,83;195,34;189,90;186,62;179,16;261,84
PR;SP;2015;44;1;26.10.2015;SE4;DKK;181,62;179,38;179,61;;181,99;187,51;190,12;208,17;386,58;389,19;366,30;306,03;298,57;265,01;245,24;269,18;327,36;362,42;400,83;410,23;309,54;252,10;189,90;186,62;179,16;268,86
PR;SP;2015;44;1;26.10.2015;DK1;NOK;225,07;222,30;222,58;;225,54;232,38;235,61;257,98;479,08;482,32;453,94;379,25;370,01;328,41;303,92;333,59;333,68;449,13;496,73;508,38;317,05;242,08;235,33;231,27;222,02;324,49
PR;SP;2015;44;1;26.10.2015;DK2;NOK;225,07;222,30;222,58;;225,54;232,38;235,61;257,98;479,08;482,32;453,94;379,25;370,01;328,41;303,92;333,59;405,69;449,13;496,73;508,38;383,60;312,42;235,33;231,27;222,02;333,19
PR;SP;2015;44;1;26.10.2015;EE;NOK;225,07;222,30;222,58;;225,54;232,38;256,69;260,48;479,08;482,32;453,94;379,25;370,01;328,41;318,06;333,59;333,68;449,13;496,73;508,38;317,05;318,25;318,15;259,18;222,02;333,84
PR;SP;2015;44;1;26.10.2015;FI;NOK;225,07;222,30;222,58;;225,54;232,38;256,69;260,48;479,08;482,32;453,94;379,25;370,01;328,41;318,06;333,59;333,68;449,13;496,73;508,38;317,05;242,08;235,33;231,27;222,02;326,06
PR;SP;2015;44;1;26.10.2015;FRE;NOK;225,07;222,30;222,58;;;;;;;;;;;;;;;;;;;242,08;235,33;231,27;222,02;228,66
PR;SP;2015;44;1;26.10.2015;LT;NOK;225,07;222,30;222,58;;225,54;232,38;336,18;531,49;531,77;531,95;531,86;531,77;531,86;531,77;531,95;531,86;531,86;532,04;532,04;531,86;531,67;509,03;444,23;259,18;222,02;431,01
PR;SP;2015;44;1;26.10.2015;LV;NOK;225,07;222,30;222,58;;225,54;232,38;336,18;531,49;531,77;531,95;531,86;531,77;531,86;531,77;531,95;531,86;531,86;532,04;532,04;531,86;531,67;509,03;444,23;259,18;222,02;431,01
PR;SP;2015;44;1;26.10.2015;NO1;NOK;225,07;222,30;222,58;;225,54;232,38;235,61;248,92;246,43;249,11;244,21;244,39;242,17;241,34;239,96;239,68;239,03;241,34;243,19;243,38;241,90;240,79;235,33;231,27;222,02;237,41
PR;SP;2015;44;1;26.10.2015;NO2;NOK;225,07;222,30;222,58;;225,54;232,38;235,61;248,92;246,43;249,11;244,21;244,39;242,17;241,34;239,96;239,68;239,03;241,34;243,19;243,38;241,90;240,79;235,33;231,27;222,02;237,41
PR;SP;2015;44;1;26.10.2015;NO3;NOK;225,07;222,30;222,58;;225,54;232,38;235,61;257,98;316,49;319,36;285,71;275,64;267,59;267,22;265,93;263,90;259,09;257,24;250,22;244,49;239,77;242,08;235,33;231,27;222,02;252,70
PR;SP;2015;44;1;26.10.2015;NO4;NOK;213,24;212,23;211,95;;211,95;212,23;212,87;214,35;220,18;222,21;222,95;222,21;221,01;218,88;219,34;219,53;219,99;220,36;220,45;220,18;219,71;217,49;216,85;216,02;214,91;217,55
PR;SP;2015;44;1;26.10.2015;NO5;NOK;225,07;222,30;222,58;;225,54;232,38;235,61;248,92;246,43;249,11;244,21;244,39;242,17;241,34;239,96;239,68;239,03;241,34;243,19;243,38;241,90;240,79;235,33;231,27;222,02;237,41
PR;SP;2015;44;1;26.10.2015;SE1;NOK;225,07;222,30;222,58;;225,54;232,38;235,61;257,98;321,85;337,01;351,15;366,50;345,79;328,41;303,92;272,68;273,69;266,21;250,22;244,49;239,77;242,08;235,33;231,27;222,02;268,91
PR;SP;2015;44;1;26.10.2015;SE2;NOK;225,07;222,30;222,58;;225,54;232,38;235,61;257,98;321,85;337,01;351,15;366,50;345,79;328,41;303,92;272,68;273,69;266,21;250,22;244,49;239,77;242,08;235,33;231,27;222,02;268,91
PR;SP;2015;44;1;26.10.2015;SE3;NOK;225,07;222,30;222,58;;225,54;232,38;235,61;257,98;479,08;482,32;453,94;379,25;370,01;328,41;303,92;333,59;333,68;449,13;496,73;508,38;317,05;242,08;235,33;231,27;222,02;324,49
PR;SP;2015;44;1;26.10.2015;SE4;NOK;225,07;222,30;222,58;;225,54;232,38;235,61;257,98;479,08;482,32;453,94;379,25;370,01;328,41;303,92;333,59;405,69;449,13;496,73;508,38;383,60;312,42;235,33;231,27;222,02;333,19
PR;SP;2015;44;1;26.10.2015;DK1;SEK;227,92;225,11;225,39;;228,38;235,31;238,59;261,24;485,13;488,40;459,67;384,04;374,68;332,56;307,76;337,80;337,90;454,80;503,01;514,80;321,05;245,14;238,31;234,19;224,83;328,58
PR;SP;2015;44;1;26.10.2015;DK2;SEK;227,92;225,11;225,39;;228,38;235,31;238,59;261,24;485,13;488,40;459,67;384,04;374,68;332,56;307,76;337,80;410,81;454,80;503,01;514,80;388,44;316,37;238,31;234,19;224,83;337,40
PR;SP;2015;44;1;26.10.2015;EE;SEK;227,92;225,11;225,39;;228,38;235,31;259,93;263,76;485,13;488,40;459,67;384,04;374,68;332,56;322,08;337,80;337,90;454,80;503,01;514,80;321,05;322,26;322,17;262,45;224,83;338,06
PR;SP;2015;44;1;26.10.2015;FI;SEK;227,92;225,11;225,39;;228,38;235,31;259,93;263,76;485,13;488,40;459,67;384,04;374,68;332,56;322,08;337,80;337,90;454,80;503,01;514,80;321,05;245,14;238,31;234,19;224,83;330,17
PR;SP;2015;44;1;26.10.2015;FRE;SEK;227,92;225,11;225,39;;;;;;;;;;;;;;;;;;;245,14;238,31;234,19;224,83;231,56
PR;SP;2015;44;1;26.10.2015;LT;SEK;227,92;225,11;225,39;;228,38;235,31;340,42;538,20;538,48;538,67;538,57;538,48;538,57;538,48;538,67;538,57;538,57;538,76;538,76;538,57;538,39;515,46;449,84;262,45;224,83;436,45
PR;SP;2015;44;1;26.10.2015;LV;SEK;227,92;225,11;225,39;;228,38;235,31;340,42;538,20;538,48;538,67;538,57;538,48;538,57;538,48;538,67;538,57;538,57;538,76;538,76;538,57;538,39;515,46;449,84;262,45;224,83;436,45
PR;SP;2015;44;1;26.10.2015;NO1;SEK;227,92;225,11;225,39;;228,38;235,31;238,59;252,06;249,54;252,25;247,29;247,48;245,23;244,39;242,99;242,70;242,05;244,39;246,26;246,45;244,95;243,83;238,31;234,19;224,83;240,41
PR;SP;2015;44;1;26.10.2015;NO2;SEK;227,92;225,11;225,39;;228,38;235,31;238,59;252,06;249,54;252,25;247,29;247,48;245,23;244,39;242,99;242,70;242,05;244,39;246,26;246,45;244,95;243,83;238,31;234,19;224,83;240,41
PR;SP;2015;44;1;26.10.2015;NO3;SEK;227,92;225,11;225,39;;228,38;235,31;238,59;261,24;320,49;323,39;289,32;279,12;270,97;270,60;269,29;267,23;262,36;260,49;253,38;247,57;242,80;245,14;238,31;234,19;224,83;255,89
PR;SP;2015;44;1;26.10.2015;NO4;SEK;215,94;214,91;214,62;;214,62;214,91;215,56;217,06;222,96;225,01;225,76;225,01;223,80;221,64;222,11;222,30;222,77;223,14;223,24;222,96;222,49;220,24;219,59;218,74;217,62;220,29
PR;SP;2015;44;1;26.10.2015;NO5;SEK;227,92;225,11;225,39;;228,38;235,31;238,59;252,06;249,54;252,25;247,29;247,48;245,23;244,39;242,99;242,70;242,05;244,39;246,26;246,45;244,95;243,83;238,31;234,19;224,83;240,41
PR;SP;2015;44;1;26.10.2015;SE1;SEK;227,92;225,11;225,39;;228,38;235,31;238,59;261,24;325,92;341,27;355,59;371,12;350,16;332,56;307,76;276,12;277,15;269,57;253,38;247,57;242,80;245,14;238,31;234,19;224,83;272,31
PR;SP;2015;44;1;26.10.2015;SE2;SEK;227,92;225,11;225,39;;228,38;235,31;238,59;261,24;325,92;341,27;355,59;371,12;350,16;332,56;307,76;276,12;277,15;269,57;253,38;247,57;242,80;245,14;238,31;234,19;224,83;272,31
PR;SP;2015;44;1;26.10.2015;SE3;SEK;227,92;225,11;225,39;;228,38;235,31;238,59;261,24;485,13;488,40;459,67;384,04;374,68;332,56;307,76;337,80;337,90;454,80;503,01;514,80;321,05;245,14;238,31;234,19;224,83;328,58
PR;SP;2015;44;1;26.10.2015;SE4;SEK;227,92;225,11;225,39;;228,38;235,31;238,59;261,24;485,13;488,40;459,67;384,04;374,68;332,56;307,76;337,80;410,81;454,80;503,01;514,80;388,44;316,37;238,31;234,19;224,83;337,40
PR;SO;2015;44;1;26.10.2015;SP1;EUR;24,19;23,88;23,92;;24,21;25,02;25,36;26,72;29,46;29,51;28,76;28,57;28,07;27,60;27,17;27,41;27,43;27,74;28,65;28,71;27,09;25,79;25,36;25,03;24,10;26,66
PR;SO;2015;44;1;26.10.2015;DK1;EUR;24,35;24,05;24,08;;24,40;25,14;25,49;27,91;51,83;52,18;49,11;41,03;40,03;35,53;32,88;36,09;36,10;48,59;53,74;55,00;34,30;26,19;25,46;25,02;24,02;35,11
PR;SO;2015;44;1;26.10.2015;DK2;EUR;24,35;24,05;24,08;;24,40;25,14;25,49;27,91;51,83;52,18;49,11;41,03;40,03;35,53;32,88;36,09;43,89;48,59;53,74;55,00;41,50;33,80;25,46;25,02;24,02;36,05
PR;SO;2015;44;1;26.10.2015;EE;EUR;24,35;24,05;24,08;;24,40;25,14;27,77;28,18;51,83;52,18;49,11;41,03;40,03;35,53;34,41;36,09;36,10;48,59;53,74;55,00;34,30;34,43;34,42;28,04;24,02;36,12
PR;SO;2015;44;1;26.10.2015;FI;EUR;24,35;24,05;24,08;;24,40;25,14;27,77;28,18;51,83;52,18;49,11;41,03;40,03;35,53;34,41;36,09;36,10;48,59;53,74;55,00;34,30;26,19;25,46;25,02;24,02;35,28
PR;SO;2015;44;1;26.10.2015;FRE;EUR;24,35;24,05;24,08;;;;;;;;;;;;;;;;;;;26,19;25,46;25,02;24,02;24,74
PR;SO;2015;44;1;26.10.2015;LT;EUR;24,35;24,05;24,08;;24,40;25,14;36,37;57,50;57,53;57,55;57,54;57,53;57,54;57,53;57,55;57,54;57,54;57,56;57,56;57,54;57,52;55,07;48,06;28,04;24,02;46,63
PR;SO;2015;44;1;26.10.2015;LV;EUR;24,35;24,05;24,08;;24,40;25,14;36,37;57,50;57,53;57,55;57,54;57,53;57,54;57,53;57,55;57,54;57,54;57,56;57,56;57,54;57,52;55,07;48,06;28,04;24,02;46,63
PR;SO;2015;44;1;26.10.2015;NO1;EUR;24,35;24,05;24,08;;24,40;25,14;25,49;26,93;26,66;26,95;26,42;26,44;26,20;26,11;25,96;25,93;25,86;26,11;26,31;26,33;26,17;26,05;25,46;25,02;24,02;25,69
PR;SO;2015;44;1;26.10.2015;NO2;EUR;24,35;24,05;24,08;;24,40;25,14;25,49;26,93;26,66;26,95;26,42;26,44;26,20;26,11;25,96;25,93;25,86;26,11;26,31;26,33;26,17;26,05;25,46;25,02;24,02;25,69
PR;SO;2015;44;1;26.10.2015;NO3;EUR;24,35;24,05;24,08;;24,40;25,14;25,49;27,91;34,24;34,55;30,91;29,82;28,95;28,91;28,77;28,55;28,03;27,83;27,07;26,45;25,94;26,19;25,46;25,02;24,02;27,34
PR;SO;2015;44;1;26.10.2015;NO4;EUR;23,07;22,96;22,93;;22,93;22,96;23,03;23,19;23,82;24,04;24,12;24,04;23,91;23,68;23,73;23,75;23,80;23,84;23,85;23,82;23,77;23,53;23,46;23,37;23,25;23,54
PR;SO;2015;44;1;26.10.2015;NO5;EUR;24,35;24,05;24,08;;24,40;25,14;25,49;26,93;26,66;26,95;26,42;26,44;26,20;26,11;25,96;25,93;25,86;26,11;26,31;26,33;26,17;26,05;25,46;25,02;24,02;25,69
PR;SO;2015;44;1;26.10.2015;SE1;EUR;24,35;24,05;24,08;;24,40;25,14;25,49;27,91;34,82;36,46;37,99;39,65;37,41;35,53;32,88;29,50;29,61;28,80;27,07;26,45;25,94;26,19;25,46;25,02;24,02;29,09
PR;SO;2015;44;1;26.10.2015;SE2;EUR;24,35;24,05;24,08;;24,40;25,14;25,49;27,91;34,82;36,46;37,99;39,65;37,41;35,53;32,88;29,50;29,61;28,80;27,07;26,45;25,94;26,19;25,46;25,02;24,02;29,09
PR;SO;2015;44;1;26.10.2015;SE3;EUR;24,35;24,05;24,08;;24,40;25,14;25,49;27,91;51,83;52,18;49,11;41,03;40,03;35,53;32,88;36,09;36,10;48,59;53,74;55,00;34,30;26,19;25,46;25,02;24,02;35,11
PR;SO;2015;44;1;26.10.2015;SE4;EUR;24,35;24,05;24,08;;24,40;25,14;25,49;27,91;51,83;52,18;49,11;41,03;40,03;35,53;32,88;36,09;43,89;48,59;53,74;55,00;41,50;33,80;25,46;25,02;24,02;36,05
AL;76
