# Date(dd.mm.yyyy) 08.08.2016 : Prices at Elspot
#
# Data type(ST);Time made(Hour:Min);Date made(dd.mm.yyyy)
# Data type(PR);Code(SO,SF);Year;Week;Day of week(1..7);Date(dd.mm.yyyy);Area;Currency;Hour1;Hour2;Hour3A;Hour3B;Hour4;Hour5;Hour6;Hour7;Hour8;Hour9;Hour10;Hour11;Hour12;Hour13;Hour14;Hour15;Hour16;Hour17;Hour18;Hour19;Hour20;Hour21;Hour22;Hour23;Hour24;Average
# Data type(AL);Total number of lines in the file.
#
ST;16:00;23.05.2016
PR;SO;2016;21;2;24.05.2016;SP1;DKK;159,69;156,64;148,69;;145,93;150,99;165,27;179,18;190,19;191,68;194,65;193,31;193,09;191,60;190,04;188,55;184,54;183,35;186,25;184,76;184,91;181,12;180,30;177,55;172,56;178,12
PR;SO;2016;21;2;24.05.2016;SP1;EUR;21,47;21,06;19,99;;19,62;20,30;22,22;24,09;25,57;25,77;26,17;25,99;25,96;25,76;25,55;25,35;24,81;24,65;25,04;24,84;24,86;24,35;24,24;23,87;23,20;23,95
PR;SO;2016;21;2;24.05.2016;SP1;NOK;200,99;197,15;187,14;;183,67;190,04;208,01;225,52;239,37;241,25;244,99;243,31;243,02;241,15;239,19;237,31;232,26;230,76;234,41;232,54;232,73;227,95;226,92;223,46;217,19;224,18
PR;SO;2016;21;2;24.05.2016;SP1;SEK;200,62;196,79;186,79;;183,33;189,69;207,63;225,10;238,93;240,80;244,54;242,85;242,57;240,70;238,74;236,87;231,83;230,33;233,98;232,11;232,29;227,53;226,50;223,04;216,78;223,76
PR;SO;2016;21;2;24.05.2016;DK1;DKK;159,69;156,64;148,69;;145,93;150,99;164,45;178,21;186,84;191,68;191,68;183,50;183,20;184,02;183,35;192,87;191,16;187,36;190,34;188,78;180,89;182,08;181,56;178,44;172,86;177,30
PR;SO;2016;21;2;24.05.2016;DK2;DKK;159,69;156,64;148,69;;145,93;150,99;164,45;194,35;255,72;275,88;269,18;274,76;268,21;246,12;245,45;243,15;229,98;216,59;221,65;232,44;239,50;235,34;240,84;226,34;185,80;217,82
PR;SO;2016;21;2;24.05.2016;EE;DKK;159,69;156,64;148,69;;145,93;150,99;182,31;246,64;252,82;343,71;311,65;343,49;354,72;311,65;264,20;246,72;191,16;187,36;234,30;245,08;237,42;182,08;181,56;178,44;172,86;226,25
PR;SO;2016;21;2;24.05.2016;FI;DKK;159,69;156,64;148,69;;145,93;150,99;182,31;246,64;252,82;264,27;311,65;343,49;354,72;311,65;264,20;246,72;191,16;187,36;234,30;245,08;237,42;182,08;181,56;178,44;172,86;222,94
PR;SO;2016;21;2;24.05.2016;LT;DKK;186,25;186,17;186,10;;186,10;179,18;186,47;323,40;401,88;343,71;350,11;352,11;354,72;357,10;358,96;354,94;342,22;323,33;323,48;342,30;342,22;323,26;319,76;323,11;239,13;299,42
PR;SO;2016;21;2;24.05.2016;LV;DKK;186,25;186,17;186,10;;186,10;179,18;186,47;323,40;401,88;343,71;350,11;352,11;354,72;357,10;358,96;354,94;342,22;323,33;323,48;342,30;342,22;323,26;319,76;323,11;239,13;299,42
PR;SO;2016;21;2;24.05.2016;NO1;DKK;159,69;156,64;148,69;;145,93;150,99;164,45;177,47;186,84;179,11;178,96;178,66;178,21;177,92;177,84;176,65;178,29;178,51;178,21;177,69;178,59;178,81;178,44;177,84;172,86;172,39
PR;SO;2016;21;2;24.05.2016;NO2;DKK;159,69;156,64;148,69;;145,93;150,99;164,45;177,47;186,84;179,11;178,96;178,66;178,21;177,92;177,84;176,65;178,29;178,51;178,21;177,69;178,59;178,81;178,44;177,84;172,86;172,39
PR;SO;2016;21;2;24.05.2016;NO3;DKK;159,69;156,64;148,69;;145,93;150,99;164,45;178,21;186,84;191,68;191,68;191,68;192,42;192,57;191,45;192,87;191,16;187,36;190,34;188,78;187,14;182,08;181,56;178,44;172,86;178,98
PR;SO;2016;21;2;24.05.2016;NO4;DKK;159,69;156,64;148,69;;145,93;150,99;164,45;178,21;181,93;182,31;182,23;182,23;182,60;182,23;182,60;182,45;182,38;182,38;182,16;182,08;182,16;182,08;181,56;174,27;172,86;174,38
PR;SO;2016;21;2;24.05.2016;NO5;DKK;159,69;156,64;148,69;;145,93;150,99;164,45;177,47;186,84;179,11;178,96;178,66;178,21;177,92;177,84;176,65;178,29;178,51;178,21;177,69;178,59;178,81;178,44;177,84;172,86;172,39
PR;SO;2016;21;2;24.05.2016;SE1;DKK;159,69;156,64;148,69;;145,93;150,99;164,45;178,21;186,84;191,68;191,68;191,68;192,42;192,57;191,45;192,87;191,16;187,36;190,34;188,78;187,14;182,08;181,56;178,44;172,86;178,98
PR;SO;2016;21;2;24.05.2016;SE2;DKK;159,69;156,64;148,69;;145,93;150,99;164,45;178,21;186,84;191,68;191,68;191,68;192,42;192,57;191,45;192,87;191,16;187,36;190,34;188,78;187,14;182,08;181,56;178,44;172,86;178,98
PR;SO;2016;21;2;24.05.2016;SE3;DKK;159,69;156,64;148,69;;145,93;150,99;164,45;178,21;186,84;191,68;191,68;191,68;192,42;192,57;191,45;192,87;191,16;187,36;190,34;188,78;187,14;182,08;181,56;178,44;172,86;178,98
PR;SO;2016;21;2;24.05.2016;SE4;DKK;159,69;156,64;148,69;;145,93;150,99;164,45;178,21;186,84;191,68;191,68;191,68;192,42;192,57;191,45;192,87;191,16;187,36;190,34;188,78;187,14;182,08;181,56;178,44;172,86;178,98
PR;SO;2016;21;2;24.05.2016;DK1;EUR;21,47;21,06;19,99;;19,62;20,30;22,11;23,96;25,12;25,77;25,77;24,67;24,63;24,74;24,65;25,93;25,70;25,19;25,59;25,38;24,32;24,48;24,41;23,99;23,24;23,84
PR;SO;2016;21;2;24.05.2016;DK2;EUR;21,47;21,06;19,99;;19,62;20,30;22,11;26,13;34,38;37,09;36,19;36,94;36,06;33,09;33,00;32,69;30,92;29,12;29,80;31,25;32,20;31,64;32,38;30,43;24,98;29,29
PR;SO;2016;21;2;24.05.2016;EE;EUR;21,47;21,06;19,99;;19,62;20,30;24,51;33,16;33,99;46,21;41,90;46,18;47,69;41,90;35,52;33,17;25,70;25,19;31,50;32,95;31,92;24,48;24,41;23,99;23,24;30,42
PR;SO;2016;21;2;24.05.2016;FI;EUR;21,47;21,06;19,99;;19,62;20,30;24,51;33,16;33,99;35,53;41,90;46,18;47,69;41,90;35,52;33,17;25,70;25,19;31,50;32,95;31,92;24,48;24,41;23,99;23,24;29,97
PR;SO;2016;21;2;24.05.2016;LT;EUR;25,04;25,03;25,02;;25,02;24,09;25,07;43,48;54,03;46,21;47,07;47,34;47,69;48,01;48,26;47,72;46,01;43,47;43,49;46,02;46,01;43,46;42,99;43,44;32,15;40,26
PR;SO;2016;21;2;24.05.2016;LV;EUR;25,04;25,03;25,02;;25,02;24,09;25,07;43,48;54,03;46,21;47,07;47,34;47,69;48,01;48,26;47,72;46,01;43,47;43,49;46,02;46,01;43,46;42,99;43,44;32,15;40,26
PR;SO;2016;21;2;24.05.2016;NO1;EUR;21,47;21,06;19,99;;19,62;20,30;22,11;23,86;25,12;24,08;24,06;24,02;23,96;23,92;23,91;23,75;23,97;24,00;23,96;23,89;24,01;24,04;23,99;23,91;23,24;23,18
PR;SO;2016;21;2;24.05.2016;NO2;EUR;21,47;21,06;19,99;;19,62;20,30;22,11;23,86;25,12;24,08;24,06;24,02;23,96;23,92;23,91;23,75;23,97;24,00;23,96;23,89;24,01;24,04;23,99;23,91;23,24;23,18
PR;SO;2016;21;2;24.05.2016;NO3;EUR;21,47;21,06;19,99;;19,62;20,30;22,11;23,96;25,12;25,77;25,77;25,77;25,87;25,89;25,74;25,93;25,70;25,19;25,59;25,38;25,16;24,48;24,41;23,99;23,24;24,06
PR;SO;2016;21;2;24.05.2016;NO4;EUR;21,47;21,06;19,99;;19,62;20,30;22,11;23,96;24,46;24,51;24,50;24,50;24,55;24,50;24,55;24,53;24,52;24,52;24,49;24,48;24,49;24,48;24,41;23,43;23,24;23,44
PR;SO;2016;21;2;24.05.2016;NO5;EUR;21,47;21,06;19,99;;19,62;20,30;22,11;23,86;25,12;24,08;24,06;24,02;23,96;23,92;23,91;23,75;23,97;24,00;23,96;23,89;24,01;24,04;23,99;23,91;23,24;23,18
PR;SO;2016;21;2;24.05.2016;SE1;EUR;21,47;21,06;19,99;;19,62;20,30;22,11;23,96;25,12;25,77;25,77;25,77;25,87;25,89;25,74;25,93;25,70;25,19;25,59;25,38;25,16;24,48;24,41;23,99;23,24;24,06
PR;SO;2016;21;2;24.05.2016;SE2;EUR;21,47;21,06;19,99;;19,62;20,30;22,11;23,96;25,12;25,77;25,77;25,77;25,87;25,89;25,74;25,93;25,70;25,19;25,59;25,38;25,16;24,48;24,41;23,99;23,24;24,06
PR;SO;2016;21;2;24.05.2016;SE3;EUR;21,47;21,06;19,99;;19,62;20,30;22,11;23,96;25,12;25,77;25,77;25,77;25,87;25,89;25,74;25,93;25,70;25,19;25,59;25,38;25,16;24,48;24,41;23,99;23,24;24,06
PR;SO;2016;21;2;24.05.2016;SE4;EUR;21,47;21,06;19,99;;19,62;20,30;22,11;23,96;25,12;25,77;25,77;25,77;25,87;25,89;25,74;25,93;25,70;25,19;25,59;25,38;25,16;24,48;24,41;23,99;23,24;24,06
PR;SO;2016;21;2;24.05.2016;DK1;NOK;200,99;197,15;187,14;;183,67;190,04;206,98;224,30;235,16;241,25;241,25;230,95;230,57;231,60;230,76;242,74;240,59;235,82;239,56;237,59;227,67;229,17;228,51;224,58;217,56;223,15
PR;SO;2016;21;2;24.05.2016;DK2;NOK;200,99;197,15;187,14;;183,67;190,04;206,98;244,62;321,85;347,22;338,79;345,81;337,58;309,77;308,93;306,03;289,46;272,61;278,97;292,55;301,44;296,20;303,13;284,87;233,85;274,15
PR;SO;2016;21;2;24.05.2016;EE;NOK;200,99;197,15;187,14;;183,67;190,04;229,45;310,43;318,20;432,59;392,25;432,31;446,45;392,25;332,52;310,52;240,59;235,82;294,89;308,46;298,82;229,17;228,51;224,58;217,56;284,77
PR;SO;2016;21;2;24.05.2016;FI;NOK;200,99;197,15;187,14;;183,67;190,04;229,45;310,43;318,20;332,61;392,25;432,31;446,45;392,25;332,52;310,52;240,59;235,82;294,89;308,46;298,82;229,17;228,51;224,58;217,56;280,60
PR;SO;2016;21;2;24.05.2016;LT;NOK;234,41;234,32;234,22;;234,22;225,52;234,69;407,04;505,80;432,59;440,65;443,17;446,45;449,45;451,79;446,73;430,72;406,94;407,13;430,82;430,72;406,85;402,45;406,66;300,97;376,85
PR;SO;2016;21;2;24.05.2016;LV;NOK;234,41;234,32;234,22;;234,22;225,52;234,69;407,04;505,80;432,59;440,65;443,17;446,45;449,45;451,79;446,73;430,72;406,94;407,13;430,82;430,72;406,85;402,45;406,66;300,97;376,85
PR;SO;2016;21;2;24.05.2016;NO1;NOK;200,99;197,15;187,14;;183,67;190,04;206,98;223,37;235,16;225,42;225,24;224,86;224,30;223,93;223,83;222,34;224,40;224,68;224,30;223,65;224,77;225,05;224,58;223,83;217,56;216,97
PR;SO;2016;21;2;24.05.2016;NO2;NOK;200,99;197,15;187,14;;183,67;190,04;206,98;223,37;235,16;225,42;225,24;224,86;224,30;223,93;223,83;222,34;224,40;224,68;224,30;223,65;224,77;225,05;224,58;223,83;217,56;216,97
PR;SO;2016;21;2;24.05.2016;NO3;NOK;200,99;197,15;187,14;;183,67;190,04;206,98;224,30;235,16;241,25;241,25;241,25;242,18;242,37;240,97;242,74;240,59;235,82;239,56;237,59;235,54;229,17;228,51;224,58;217,56;225,27
PR;SO;2016;21;2;24.05.2016;NO4;NOK;200,99;197,15;187,14;;183,67;190,04;206,98;224,30;228,98;229,45;229,36;229,36;229,82;229,36;229,82;229,64;229,54;229,54;229,26;229,17;229,26;229,17;228,51;219,34;217,56;219,48
PR;SO;2016;21;2;24.05.2016;NO5;NOK;200,99;197,15;187,14;;183,67;190,04;206,98;223,37;235,16;225,42;225,24;224,86;224,30;223,93;223,83;222,34;224,40;224,68;224,30;223,65;224,77;225,05;224,58;223,83;217,56;216,97
PR;SO;2016;21;2;24.05.2016;SE1;NOK;200,99;197,15;187,14;;183,67;190,04;206,98;224,30;235,16;241,25;241,25;241,25;242,18;242,37;240,97;242,74;240,59;235,82;239,56;237,59;235,54;229,17;228,51;224,58;217,56;225,27
PR;SO;2016;21;2;24.05.2016;SE2;NOK;200,99;197,15;187,14;;183,67;190,04;206,98;224,30;235,16;241,25;241,25;241,25;242,18;242,37;240,97;242,74;240,59;235,82;239,56;237,59;235,54;229,17;228,51;224,58;217,56;225,27
PR;SO;2016;21;2;24.05.2016;SE3;NOK;200,99;197,15;187,14;;183,67;190,04;206,98;224,30;235,16;241,25;241,25;241,25;242,18;242,37;240,97;242,74;240,59;235,82;239,56;237,59;235,54;229,17;228,51;224,58;217,56;225,27
PR;SO;2016;21;2;24.05.2016;SE4;NOK;200,99;197,15;187,14;;183,67;190,04;206,98;224,30;235,16;241,25;241,25;241,25;242,18;242,37;240,97;242,74;240,59;235,82;239,56;237,59;235,54;229,17;228,51;224,58;217,56;225,27
PR;SO;2016;21;2;24.05.2016;DK1;SEK;200,62;196,79;186,79;;183,33;189,69;206,60;223,88;234,72;240,80;240,80;230,52;230,15;231,17;230,33;242,29;240,14;235,38;239,12;237,15;227,25;228,74;228,09;224,16;217,16;222,74
PR;SO;2016;21;2;24.05.2016;DK2;SEK;200,62;196,79;186,79;;183,33;189,69;206,60;244,16;321,25;346,57;338,16;345,17;336,95;309,20;308,36;305,46;288,92;272,10;278,45;292,00;300,88;295,65;302,56;284,34;233,42;273,64
PR;SO;2016;21;2;24.05.2016;EE;SEK;200,62;196,79;186,79;;183,33;189,69;229,02;309,85;317,61;431,79;391,52;431,51;445,62;391,52;331,90;309,94;240,14;235,38;294,34;307,89;298,26;228,74;228,09;224,16;217,16;284,24
PR;SO;2016;21;2;24.05.2016;FI;SEK;200,62;196,79;186,79;;183,33;189,69;229,02;309,85;317,61;332,00;391,52;431,51;445,62;391,52;331,90;309,94;240,14;235,38;294,34;307,89;298,26;228,74;228,09;224,16;217,16;280,08
PR;SO;2016;21;2;24.05.2016;LT;SEK;233,98;233,88;233,79;;233,79;225,10;234,26;406,28;504,86;431,79;439,83;442,35;445,62;448,61;450,95;445,90;429,92;406,19;406,37;430,02;429,92;406,09;401,70;405,91;300,41;376,15
PR;SO;2016;21;2;24.05.2016;LV;SEK;233,98;233,88;233,79;;233,79;225,10;234,26;406,28;504,86;431,79;439,83;442,35;445,62;448,61;450,95;445,90;429,92;406,19;406,37;430,02;429,92;406,09;401,70;405,91;300,41;376,15
PR;SO;2016;21;2;24.05.2016;NO1;SEK;200,62;196,79;186,79;;183,33;189,69;206,60;222,95;234,72;225,01;224,82;224,45;223,88;223,51;223,42;221,92;223,98;224,26;223,88;223,23;224,35;224,63;224,16;223,42;217,16;216,57
PR;SO;2016;21;2;24.05.2016;NO2;SEK;200,62;196,79;186,79;;183,33;189,69;206,60;222,95;234,72;225,01;224,82;224,45;223,88;223,51;223,42;221,92;223,98;224,26;223,88;223,23;224,35;224,63;224,16;223,42;217,16;216,57
PR;SO;2016;21;2;24.05.2016;NO3;SEK;200,62;196,79;186,79;;183,33;189,69;206,60;223,88;234,72;240,80;240,80;240,80;241,73;241,92;240,52;242,29;240,14;235,38;239,12;237,15;235,10;228,74;228,09;224,16;217,16;224,85
PR;SO;2016;21;2;24.05.2016;NO4;SEK;200,62;196,79;186,79;;183,33;189,69;206,60;223,88;228,56;229,02;228,93;228,93;229,40;228,93;229,40;229,21;229,12;229,12;228,84;228,74;228,84;228,74;228,09;218,93;217,16;219,07
PR;SO;2016;21;2;24.05.2016;NO5;SEK;200,62;196,79;186,79;;183,33;189,69;206,60;222,95;234,72;225,01;224,82;224,45;223,88;223,51;223,42;221,92;223,98;224,26;223,88;223,23;224,35;224,63;224,16;223,42;217,16;216,57
PR;SO;2016;21;2;08.08.2016;SE1;SEK;200,62;196,79;186,79;;183,33;189,69;206,60;223,88;234,72;240,80;240,80;240,80;241,73;241,92;240,52;242,29;240,14;235,38;239,12;237,15;235,10;228,74;228,09;224,16;217,16;224,85
PR;SO;2016;21;2;08.08.2016;SE2;SEK;200,62;196,79;186,79;;183,33;189,69;206,60;223,88;234,72;240,80;240,80;240,80;241,73;241,92;240,52;242,29;240,14;235,38;239,12;237,15;235,10;228,74;228,09;224,16;217,16;224,85
PR;SO;2016;21;2;08.08.2016;SE3;SEK;200,62;196,79;186,79;;183,33;189,69;206,60;223,88;234,72;240,80;240,80;240,80;241,73;241,92;240,52;242,29;240,14;235,38;239,12;237,15;235,10;228,74;228,09;224,16;217,16;224,85
PR;SO;2016;21;2;08.08.2016;SE4;SEK;200,62;196,79;186,79;;183,33;189,69;206,60;223,88;234,72;240,80;240,80;240,80;241,73;241,92;240,52;242,29;240,14;235,38;239,12;237,15;235,10;228,74;228,09;224,16;217,16;224,85
AL;72
