# Date(dd.mm.yyyy) 07.08.2016 : Prices at Elspot
#
# Data type(ST);Time made(Hour:Min);Date made(dd.mm.yyyy)
# Data type(PR);Code(SO,SF);Year;Week;Day of week(1..7);Date(dd.mm.yyyy);Area;Currency;Hour1;Hour2;Hour3A;Hour3B;Hour4;Hour5;Hour6;Hour7;Hour8;Hour9;Hour10;Hour11;Hour12;Hour13;Hour14;Hour15;Hour16;Hour17;Hour18;Hour19;Hour20;Hour21;Hour22;Hour23;Hour24;Average
# Data type(AL);Total number of lines in the file.
#
ST;16:00;06.08.2016
PR;SP;2016;31;7;07.08.2016;SP1;DKK;161,70;149,42;137,97;;114,09;106,88;106,88;110,97;127,41;149,87;161,25;166,53;175,90;172,11;167,05;163,18;162,59;162,66;163,41;168,46;178,58;180,66;180,96;179,69;166,16;154,77
PR;SP;2016;31;7;07.08.2016;SP1;NOK;205,09;189,52;175,00;;144,71;135,56;135,56;140,75;161,60;190,09;204,52;211,22;223,11;218,30;211,88;206,98;206,22;206,32;207,26;213,67;226,50;229,14;229,52;227,92;210,75;196,30
PR;SP;2016;31;7;07.08.2016;SP1;SEK;206,51;190,84;176,21;;145,72;136,50;136,50;141,73;162,72;191,41;205,94;212,69;224,66;219,81;213,35;208,41;207,65;207,75;208,70;215,16;228,08;230,74;231,12;229,50;212,21;197,66
PR;SP;2016;31;7;07.08.2016;DK1;DKK;160,36;149,13;133,80;;97,95;94,38;94,91;96,17;122,80;137,67;143,32;149,57;157,08;155,60;150,32;148,38;147,64;148,38;95,50;183,71;193,83;161,10;161,17;161,32;160,58;141,86
PR;SP;2016;31;7;07.08.2016;DK2;DKK;183,12;149,13;133,80;;97,95;94,38;94,91;96,17;135,66;186,24;206,17;209,37;215,92;215,92;212,64;205,95;203,72;202,31;201,49;202,38;211,60;221,27;222,98;214,95;195,83;179,74
PR;SP;2016;31;7;07.08.2016;EE;DKK;183,12;149,13;133,80;;97,95;94,38;94,91;96,17;135,66;186,24;206,17;209,37;215,92;215,92;212,64;205,95;203,72;202,31;201,49;202,38;211,60;221,27;222,98;214,95;195,83;179,74
PR;SP;2016;31;7;07.08.2016;FI;DKK;183,12;149,13;133,80;;97,95;94,38;94,91;96,17;135,66;186,24;206,17;209,37;215,92;215,92;212,64;205,95;203,72;202,31;201,49;202,38;211,60;221,27;222,98;214,95;195,83;179,74
PR;SP;2016;31;7;07.08.2016;LT;DKK;312,83;200,89;186,24;;186,39;179,17;186,54;325,10;319,60;325,10;325,03;325,18;325,10;325,10;227,22;325,18;325,03;319,75;325,03;325,10;325,18;325,10;259,72;248,49;210,49;280,77
PR;SP;2016;31;7;07.08.2016;LV;DKK;312,83;200,89;186,24;;186,39;179,17;186,54;325,10;319,60;325,10;325,03;325,18;325,10;325,10;227,22;325,18;325,03;319,75;325,03;325,10;325,18;325,10;259,72;248,49;210,49;280,77
PR;SP;2016;31;7;07.08.2016;NO1;DKK;160,36;149,13;133,80;;97,95;94,38;94,91;96,17;122,80;137,67;143,32;149,57;157,08;155,60;150,32;148,38;147,64;148,38;153,29;158,87;160,88;161,10;161,17;161,32;160,58;141,86
PR;SP;2016;31;7;07.08.2016;NO2;DKK;160,36;149,13;133,80;;97,95;94,38;94,91;96,17;122,80;137,67;143,32;149,57;157,08;155,60;150,32;148,38;147,64;148,38;153,29;158,87;160,88;161,10;161,17;161,32;160,58;141,86
PR;SP;2016;31;7;07.08.2016;NO3;DKK;183,12;158,35;157,16;;155,52;150,39;148,23;148,23;148,01;186,24;206,17;209,37;215,92;215,92;212,64;205,95;203,72;202,31;201,49;202,38;211,60;221,27;222,98;214,95;195,83;190,74
PR;SP;2016;31;7;07.08.2016;NO4;DKK;183,12;158,35;157,16;;155,52;150,39;148,23;148,23;148,01;186,24;190,33;190,55;190,55;190,55;190,63;190,63;190,70;190,63;190,70;190,48;190,55;190,41;190,41;190,63;190,41;178,89
PR;SP;2016;31;7;07.08.2016;NO5;DKK;160,36;149,13;133,80;;97,95;94,38;94,91;96,17;122,80;137,67;143,32;149,57;157,08;155,60;150,32;148,38;147,64;148,38;153,29;158,87;160,88;161,10;161,17;161,32;160,58;141,86
PR;SP;2016;31;7;07.08.2016;SE1;DKK;183,12;149,13;133,80;;97,95;94,38;94,91;96,17;135,66;186,24;206,17;209,37;215,92;215,92;212,64;205,95;203,72;202,31;201,49;202,38;211,60;221,27;222,98;214,95;195,83;179,74
PR;SP;2016;31;7;07.08.2016;SE2;DKK;183,12;149,13;133,80;;97,95;94,38;94,91;96,17;135,66;186,24;206,17;209,37;215,92;215,92;212,64;205,95;203,72;202,31;201,49;202,38;211,60;221,27;222,98;214,95;195,83;179,74
PR;SP;2016;31;7;07.08.2016;SE3;DKK;183,12;149,13;133,80;;97,95;94,38;94,91;96,17;135,66;186,24;206,17;209,37;215,92;215,92;212,64;205,95;203,72;202,31;201,49;202,38;211,60;221,27;222,98;214,95;195,83;179,74
PR;SP;2016;31;7;07.08.2016;SE4;DKK;183,12;149,13;133,80;;97,95;94,38;94,91;96,17;135,66;186,24;206,17;209,37;215,92;215,92;212,64;205,95;203,72;202,31;201,49;202,38;211,60;221,27;222,98;214,95;195,83;179,74
PR;SP;2016;31;7;07.08.2016;DK1;NOK;203,39;189,15;169,71;;124,24;119,71;120,37;121,98;155,75;174,62;181,79;189,71;199,24;197,35;190,66;188,20;187,26;188,20;121,13;233,01;245,84;204,33;204,43;204,62;203,67;179,93
PR;SP;2016;31;7;07.08.2016;DK2;NOK;232,26;189,15;169,71;;124,24;119,71;120,37;121,98;172,07;236,22;261,50;265,56;273,86;273,86;269,71;261,22;258,39;256,60;255,56;256,69;268,39;280,65;282,82;272,63;248,39;227,98
PR;SP;2016;31;7;07.08.2016;EE;NOK;232,26;189,15;169,71;;124,24;119,71;120,37;121,98;172,07;236,22;261,50;265,56;273,86;273,86;269,71;261,22;258,39;256,60;255,56;256,69;268,39;280,65;282,82;272,63;248,39;227,98
PR;SP;2016;31;7;07.08.2016;FI;NOK;232,26;189,15;169,71;;124,24;119,71;120,37;121,98;172,07;236,22;261,50;265,56;273,86;273,86;269,71;261,22;258,39;256,60;255,56;256,69;268,39;280,65;282,82;272,63;248,39;227,98
PR;SP;2016;31;7;07.08.2016;LT;NOK;396,78;254,80;236,22;;236,41;227,26;236,60;412,35;405,37;412,35;412,25;412,44;412,35;412,35;288,20;412,44;412,25;405,55;412,25;412,35;412,44;412,35;329,42;315,18;266,97;356,12
PR;SP;2016;31;7;07.08.2016;LV;NOK;396,78;254,80;236,22;;236,41;227,26;236,60;412,35;405,37;412,35;412,25;412,44;412,35;412,35;288,20;412,44;412,25;405,55;412,25;412,35;412,44;412,35;329,42;315,18;266,97;356,12
PR;SP;2016;31;7;07.08.2016;NO1;NOK;203,39;189,15;169,71;;124,24;119,71;120,37;121,98;155,75;174,62;181,79;189,71;199,24;197,35;190,66;188,20;187,26;188,20;194,43;201,50;204,05;204,33;204,43;204,62;203,67;179,93
PR;SP;2016;31;7;07.08.2016;NO2;NOK;203,39;189,15;169,71;;124,24;119,71;120,37;121,98;155,75;174,62;181,79;189,71;199,24;197,35;190,66;188,20;187,26;188,20;194,43;201,50;204,05;204,33;204,43;204,62;203,67;179,93
PR;SP;2016;31;7;07.08.2016;NO3;NOK;232,26;200,84;199,33;;197,26;190,75;188,01;188,01;187,73;236,22;261,50;265,56;273,86;273,86;269,71;261,22;258,39;256,60;255,56;256,69;268,39;280,65;282,82;272,63;248,39;241,93
PR;SP;2016;31;7;07.08.2016;NO4;NOK;232,26;200,84;199,33;;197,26;190,75;188,01;188,01;187,73;236,22;241,41;241,69;241,69;241,69;241,79;241,79;241,88;241,79;241,88;241,60;241,69;241,50;241,50;241,79;241,50;226,90
PR;SP;2016;31;7;07.08.2016;NO5;NOK;203,39;189,15;169,71;;124,24;119,71;120,37;121,98;155,75;174,62;181,79;189,71;199,24;197,35;190,66;188,20;187,26;188,20;194,43;201,50;204,05;204,33;204,43;204,62;203,67;179,93
PR;SP;2016;31;7;07.08.2016;SE1;NOK;232,26;189,15;169,71;;124,24;119,71;120,37;121,98;172,07;236,22;261,50;265,56;273,86;273,86;269,71;261,22;258,39;256,60;255,56;256,69;268,39;280,65;282,82;272,63;248,39;227,98
PR;SP;2016;31;7;07.08.2016;SE2;NOK;232,26;189,15;169,71;;124,24;119,71;120,37;121,98;172,07;236,22;261,50;265,56;273,86;273,86;269,71;261,22;258,39;256,60;255,56;256,69;268,39;280,65;282,82;272,63;248,39;227,98
PR;SP;2016;31;7;07.08.2016;SE3;NOK;232,26;189,15;169,71;;124,24;119,71;120,37;121,98;172,07;236,22;261,50;265,56;273,86;273,86;269,71;261,22;258,39;256,60;255,56;256,69;268,39;280,65;282,82;272,63;248,39;227,98
PR;SP;2016;31;7;07.08.2016;SE4;NOK;232,26;189,15;169,71;;124,24;119,71;120,37;121,98;172,07;236,22;261,50;265,56;273,86;273,86;269,71;261,22;258,39;256,60;255,56;256,69;268,39;280,65;282,82;272,63;248,39;227,98
PR;SP;2016;31;7;07.08.2016;DK1;SEK;204,80;190,46;170,89;;125,10;120,54;121,21;122,82;156,83;175,83;183,05;191,03;200,62;198,72;191,98;189,51;188,56;189,51;121,97;234,63;247,55;205,75;205,85;206,04;205,09;181,18
PR;SP;2016;31;7;07.08.2016;DK2;SEK;233,87;190,46;170,89;;125,10;120,54;121,21;122,82;173,27;237,86;263,32;267,40;275,76;275,76;271,58;263,03;260,18;258,38;257,33;258,47;270,25;282,60;284,79;274,53;250,11;229,56
PR;SP;2016;31;7;07.08.2016;EE;SEK;233,87;190,46;170,89;;125,10;120,54;121,21;122,82;173,27;237,86;263,32;267,40;275,76;275,76;271,58;263,03;260,18;258,38;257,33;258,47;270,25;282,60;284,79;274,53;250,11;229,56
PR;SP;2016;31;7;07.08.2016;FI;SEK;233,87;190,46;170,89;;125,10;120,54;121,21;122,82;173,27;237,86;263,32;267,40;275,76;275,76;271,58;263,03;260,18;258,38;257,33;258,47;270,25;282,60;284,79;274,53;250,11;229,56
PR;SP;2016;31;7;07.08.2016;LT;SEK;399,54;256,57;237,86;;238,05;228,84;238,24;415,21;408,18;415,21;415,12;415,31;415,21;415,21;290,20;415,31;415,12;408,37;415,12;415,21;415,31;415,21;331,71;317,37;268,83;358,60
PR;SP;2016;31;7;07.08.2016;LV;SEK;399,54;256,57;237,86;;238,05;228,84;238,24;415,21;408,18;415,21;415,12;415,31;415,21;415,21;290,20;415,31;415,12;408,37;415,12;415,21;415,31;415,21;331,71;317,37;268,83;358,60
PR;SP;2016;31;7;07.08.2016;NO1;SEK;204,80;190,46;170,89;;125,10;120,54;121,21;122,82;156,83;175,83;183,05;191,03;200,62;198,72;191,98;189,51;188,56;189,51;195,78;202,90;205,47;205,75;205,85;206,04;205,09;181,18
PR;SP;2016;31;7;07.08.2016;NO2;SEK;204,80;190,46;170,89;;125,10;120,54;121,21;122,82;156,83;175,83;183,05;191,03;200,62;198,72;191,98;189,51;188,56;189,51;195,78;202,90;205,47;205,75;205,85;206,04;205,09;181,18
PR;SP;2016;31;7;07.08.2016;NO3;SEK;233,87;202,24;200,72;;198,63;192,07;189,32;189,32;189,03;237,86;263,32;267,40;275,76;275,76;271,58;263,03;260,18;258,38;257,33;258,47;270,25;282,60;284,79;274,53;250,11;243,61
PR;SP;2016;31;7;07.08.2016;NO4;SEK;233,87;202,24;200,72;;198,63;192,07;189,32;189,32;189,03;237,86;243,08;243,37;243,37;243,37;243,46;243,46;243,56;243,46;243,56;243,27;243,37;243,18;243,18;243,46;243,18;228,47
PR;SP;2016;31;7;07.08.2016;NO5;SEK;204,80;190,46;170,89;;125,10;120,54;121,21;122,82;156,83;175,83;183,05;191,03;200,62;198,72;191,98;189,51;188,56;189,51;195,78;202,90;205,47;205,75;205,85;206,04;205,09;181,18
PR;SP;2016;31;7;07.08.2016;SE1;SEK;233,87;190,46;170,89;;125,10;120,54;121,21;122,82;173,27;237,86;263,32;267,40;275,76;275,76;271,58;263,03;260,18;258,38;257,33;258,47;270,25;282,60;284,79;274,53;250,11;229,56
PR;SP;2016;31;7;07.08.2016;SE2;SEK;233,87;190,46;170,89;;125,10;120,54;121,21;122,82;173,27;237,86;263,32;267,40;275,76;275,76;271,58;263,03;260,18;258,38;257,33;258,47;270,25;282,60;284,79;274,53;250,11;229,56
PR;SP;2016;31;7;07.08.2016;SE3;SEK;233,87;190,46;170,89;;125,10;120,54;121,21;122,82;173,27;237,86;263,32;267,40;275,76;275,76;271,58;263,03;260,18;258,38;257,33;258,47;270,25;282,60;284,79;274,53;250,11;229,56
PR;SP;2016;31;7;07.08.2016;SE4;SEK;233,87;190,46;170,89;;125,10;120,54;121,21;122,82;173,27;237,86;263,32;267,40;275,76;275,76;271,58;263,03;260,18;258,38;257,33;258,47;270,25;282,60;284,79;274,53;250,11;229,56
PR;SO;2016;31;7;07.08.2016;SP1;EUR;21,74;20,09;18,55;;15,34;14,37;14,37;14,92;17,13;20,15;21,68;22,39;23,65;23,14;22,46;21,94;21,86;21,87;21,97;22,65;24,01;24,29;24,33;24,16;22,34;20,81
PR;SO;2016;31;7;07.08.2016;DK1;EUR;21,56;20,05;17,99;;13,17;12,69;12,76;12,93;16,51;18,51;19,27;20,11;21,12;20,92;20,21;19,95;19,85;19,95;12,84;24,70;26,06;21,66;21,67;21,69;21,59;19,07
PR;SO;2016;31;7;07.08.2016;DK2;EUR;24,62;20,05;17,99;;13,17;12,69;12,76;12,93;18,24;25,04;27,72;28,15;29,03;29,03;28,59;27,69;27,39;27,20;27,09;27,21;28,45;29,75;29,98;28,90;26,33;24,17
PR;SO;2016;31;7;07.08.2016;EE;EUR;24,62;20,05;17,99;;13,17;12,69;12,76;12,93;18,24;25,04;27,72;28,15;29,03;29,03;28,59;27,69;27,39;27,20;27,09;27,21;28,45;29,75;29,98;28,90;26,33;24,17
PR;SO;2016;31;7;07.08.2016;FI;EUR;24,62;20,05;17,99;;13,17;12,69;12,76;12,93;18,24;25,04;27,72;28,15;29,03;29,03;28,59;27,69;27,39;27,20;27,09;27,21;28,45;29,75;29,98;28,90;26,33;24,17
PR;SO;2016;31;7;07.08.2016;LT;EUR;42,06;27,01;25,04;;25,06;24,09;25,08;43,71;42,97;43,71;43,70;43,72;43,71;43,71;30,55;43,72;43,70;42,99;43,70;43,71;43,72;43,71;34,92;33,41;28,30;37,75
PR;SO;2016;31;7;07.08.2016;LV;EUR;42,06;27,01;25,04;;25,06;24,09;25,08;43,71;42,97;43,71;43,70;43,72;43,71;43,71;30,55;43,72;43,70;42,99;43,70;43,71;43,72;43,71;34,92;33,41;28,30;37,75
PR;SO;2016;31;7;07.08.2016;NO1;EUR;21,56;20,05;17,99;;13,17;12,69;12,76;12,93;16,51;18,51;19,27;20,11;21,12;20,92;20,21;19,95;19,85;19,95;20,61;21,36;21,63;21,66;21,67;21,69;21,59;19,07
PR;SO;2016;31;7;07.08.2016;NO2;EUR;21,56;20,05;17,99;;13,17;12,69;12,76;12,93;16,51;18,51;19,27;20,11;21,12;20,92;20,21;19,95;19,85;19,95;20,61;21,36;21,63;21,66;21,67;21,69;21,59;19,07
PR;SO;2016;31;7;07.08.2016;NO3;EUR;24,62;21,29;21,13;;20,91;20,22;19,93;19,93;19,90;25,04;27,72;28,15;29,03;29,03;28,59;27,69;27,39;27,20;27,09;27,21;28,45;29,75;29,98;28,90;26,33;25,65
PR;SO;2016;31;7;07.08.2016;NO4;EUR;24,62;21,29;21,13;;20,91;20,22;19,93;19,93;19,90;25,04;25,59;25,62;25,62;25,62;25,63;25,63;25,64;25,63;25,64;25,61;25,62;25,60;25,60;25,63;25,60;24,05
PR;SO;2016;31;7;07.08.2016;NO5;EUR;21,56;20,05;17,99;;13,17;12,69;12,76;12,93;16,51;18,51;19,27;20,11;21,12;20,92;20,21;19,95;19,85;19,95;20,61;21,36;21,63;21,66;21,67;21,69;21,59;19,07
PR;SO;2016;31;7;07.08.2016;SE1;EUR;24,62;20,05;17,99;;13,17;12,69;12,76;12,93;18,24;25,04;27,72;28,15;29,03;29,03;28,59;27,69;27,39;27,20;27,09;27,21;28,45;29,75;29,98;28,90;26,33;24,17
PR;SO;2016;31;7;07.08.2016;SE2;EUR;24,62;20,05;17,99;;13,17;12,69;12,76;12,93;18,24;25,04;27,72;28,15;29,03;29,03;28,59;27,69;27,39;27,20;27,09;27,21;28,45;29,75;29,98;28,90;26,33;24,17
PR;SO;2016;31;7;07.08.2016;SE3;EUR;24,62;20,05;17,99;;13,17;12,69;12,76;12,93;18,24;25,04;27,72;28,15;29,03;29,03;28,59;27,69;27,39;27,20;27,09;27,21;28,45;29,75;29,98;28,90;26,33;24,17
PR;SO;2016;31;7;07.08.2016;SE4;EUR;24,62;20,05;17,99;;13,17;12,69;12,76;12,93;18,24;25,04;27,72;28,15;29,03;29,03;28,59;27,69;27,39;27,20;27,09;27,21;28,45;29,75;29,98;28,90;26,33;24,17
AL;72
